A = 
	  1.0000000000	  0.0000000000	  0.0000000000	
	  1.0000000000	  0.0000000000	  1.0000000000	
	  0.0000000000	  1.0000000000	  0.0000000000	

=== 1. Schritt (2/1) =================
Qi = 
	  0.7071067812	  0.7071067812	  0.0000000000	
	 -0.7071067812	  0.7071067812	  0.0000000000	
	  0.0000000000	  0.0000000000	  1.0000000000	

Ri = 
	  1.4142135624	  0.0000000000	  0.7071067812	
	  0.0000000000	  0.0000000000	  0.7071067812	
	  0.0000000000	  1.0000000000	  0.0000000000	

=== 2. Schritt (3/1) =================
Qi = 
	  1.0000000000	  0.0000000000	  0.0000000000	
	  0.0000000000	  1.0000000000	  0.0000000000	
	 -0.0000000000	  0.0000000000	  1.0000000000	

Ri = 
	  1.4142135624	  0.0000000000	  0.7071067812	
	  0.0000000000	  0.0000000000	  0.7071067812	
	  0.0000000000	  1.0000000000	  0.0000000000	

=== 3. Schritt (3/2) =================
Qi = 
	  1.0000000000	  0.0000000000	  0.0000000000	
	  0.0000000000	  1.0000000000	  0.0000000000	
	  0.0000000000	 -0.0000000000	  1.0000000000	

Ri = 
	  1.4142135624	  0.0000000000	  0.7071067812	
	  0.0000000000	  0.0000000000	  0.7071067812	
	  0.0000000000	  1.0000000000	  0.0000000000	

=== Resultat =================
Q = 
	  0.7071067812	 -0.7071067812	  0.0000000000	
	  0.7071067812	  0.7071067812	  0.0000000000	
	  0.0000000000	  0.0000000000	  1.0000000000	

R = 
	  1.4142135624	  0.0000000000	  0.7071067812	
	  0.0000000000	  0.0000000000	  0.7071067812	
	  0.0000000000	  1.0000000000	  0.0000000000	

Q*R = 
	  1.0000000000	  0.0000000000	  0.0000000000	
	  1.0000000000	  0.0000000000	  1.0000000000	
	  0.0000000000	  1.0000000000	  0.0000000000	

>> 