[ 2086 ] [ -0.572900, -0.570800, 0.527900, -0.259300 ] [ -0.473800, -0.471400, 0.557500, -0.492400 ]
[ 2174 ] [ -0.576700, -0.561800, 0.534000, -0.258300 ] [ -0.467900, -0.472300, 0.558300, -0.496400 ]
[ 2262 ] [ -0.576300, -0.553600, 0.543600, -0.256800 ] [ -0.464000, -0.470500, 0.563900, -0.495200 ]
[ 2362 ] [ -0.573500, -0.546900, 0.552100, -0.259200 ] [ -0.459800, -0.467400, 0.568600, -0.496800 ]
[ 2471 ] [ -0.576000, -0.537200, 0.562600, -0.251300 ] [ -0.463900, -0.460200, 0.574700, -0.492700 ]
[ 2556 ] [ -0.579500, -0.516900, 0.582400, -0.240300 ] [ -0.475900, -0.439700, 0.592000, -0.479300 ]
[ 2657 ] [ -0.580800, -0.509000, 0.589500, -0.236600 ] [ -0.479300, -0.434300, 0.596200, -0.475700 ]
[ 2754 ] [ -0.582600, -0.500300, 0.597700, -0.230000 ] [ -0.482400, -0.429000, 0.601200, -0.471000 ]
[ 2858 ] [ -0.584000, -0.494000, 0.604700, -0.221900 ] [ -0.486400, -0.425100, 0.605500, -0.464900 ]
[ 2956 ] [ -0.585400, -0.487100, 0.612000, -0.213300 ] [ -0.491600, -0.421100, 0.609300, -0.458100 ]
[ 3055 ] [ -0.585400, -0.487100, 0.612000, -0.213300 ] [ -0.491600, -0.421100, 0.609300, -0.458100 ]
[ 3154 ] [ -0.588600, -0.478600, 0.619800, -0.200700 ] [ -0.493900, -0.422200, 0.609000, -0.455000 ]
[ 3255 ] [ -0.588600, -0.478600, 0.619800, -0.200700 ] [ -0.493900, -0.422200, 0.609000, -0.455000 ]
[ 3354 ] [ -0.589600, -0.472400, 0.623700, -0.200500 ] [ -0.492000, -0.420000, 0.610500, -0.457000 ]
[ 3455 ] [ -0.589600, -0.472400, 0.623700, -0.200500 ] [ -0.492000, -0.420000, 0.610500, -0.457000 ]
[ 3554 ] [ -0.589600, -0.472400, 0.623700, -0.200500 ] [ -0.492000, -0.420000, 0.610500, -0.457000 ]
[ 3661 ] [ -0.591400, -0.465900, 0.627200, -0.199500 ] [ -0.491600, -0.416400, 0.614500, -0.455300 ]
[ 3755 ] [ -0.591400, -0.465900, 0.627200, -0.199500 ] [ -0.491600, -0.416400, 0.614500, -0.455300 ]
[ 3857 ] [ -0.588100, -0.471700, 0.620600, -0.215400 ] [ -0.478500, -0.427800, 0.605000, -0.471100 ]
[ 3955 ] [ -0.588100, -0.471700, 0.620600, -0.215400 ] [ -0.478500, -0.427800, 0.605000, -0.471100 ]
[ 4055 ] [ -0.588100, -0.471700, 0.620600, -0.215400 ] [ -0.478500, -0.427800, 0.605000, -0.471100 ]
[ 4156 ] [ -0.584900, -0.475400, 0.616100, -0.228800 ] [ -0.468300, -0.433900, 0.602000, -0.479600 ]
[ 4254 ] [ -0.584900, -0.475400, 0.616100, -0.228800 ] [ -0.468300, -0.433900, 0.602000, -0.479600 ]
[ 4357 ] [ -0.584900, -0.475400, 0.616100, -0.228800 ] [ -0.468300, -0.433900, 0.602000, -0.479600 ]
[ 4455 ] [ -0.584900, -0.475400, 0.616100, -0.228800 ] [ -0.468300, -0.433900, 0.602000, -0.479600 ]
[ 4555 ] [ -0.558100, -0.493100, 0.618300, -0.251100 ] [ -0.429900, -0.466500, 0.609000, -0.476200 ]
[ 4654 ] [ -0.558100, -0.493100, 0.618300, -0.251100 ] [ -0.429900, -0.466500, 0.609000, -0.476200 ]
[ 4755 ] [ -0.535600, -0.507900, 0.624000, -0.256500 ] [ -0.413800, -0.484200, 0.613400, -0.467100 ]
[ 4857 ] [ -0.535600, -0.507900, 0.624000, -0.256500 ] [ -0.413800, -0.484200, 0.613400, -0.467100 ]
[ 4954 ] [ -0.535600, -0.507900, 0.624000, -0.256500 ] [ -0.413800, -0.484200, 0.613400, -0.467100 ]
[ 5055 ] [ -0.512500, -0.519700, 0.633200, -0.257300 ] [ -0.393600, -0.501100, 0.626600, -0.448800 ]
[ 5155 ] [ -0.512500, -0.519700, 0.633200, -0.257300 ] [ -0.393600, -0.501100, 0.626600, -0.448800 ]
[ 5254 ] [ -0.512500, -0.519700, 0.633200, -0.257300 ] [ -0.393600, -0.501100, 0.626600, -0.448800 ]
[ 5355 ] [ -0.411000, -0.538600, 0.668100, -0.307500 ] [ -0.345900, -0.523300, 0.647000, -0.433500 ]
[ 5454 ] [ -0.411000, -0.538600, 0.668100, -0.307500 ] [ -0.345900, -0.523300, 0.647000, -0.433500 ]
[ 5555 ] [ -0.347600, -0.533300, 0.694200, -0.336000 ] [ -0.300200, -0.534900, 0.678200, -0.404700 ]
[ 5655 ] [ -0.347600, -0.533300, 0.694200, -0.336000 ] [ -0.300200, -0.534900, 0.678200, -0.404700 ]
[ 5755 ] [ -0.347600, -0.533300, 0.694200, -0.336000 ] [ -0.300200, -0.534900, 0.678200, -0.404700 ]
[ 5860 ] [ -0.287400, -0.524200, 0.719000, -0.354400 ] [ -0.199500, -0.546800, 0.741600, -0.333500 ]
[ 5955 ] [ -0.287400, -0.524200, 0.719000, -0.354400 ] [ -0.199500, -0.546800, 0.741600, -0.333500 ]
[ 6055 ] [ -0.287400, -0.524200, 0.719000, -0.354400 ] [ -0.199500, -0.546800, 0.741600, -0.333500 ]
[ 6155 ] [ -0.234500, -0.511900, 0.740100, -0.367700 ] [ -0.195900, -0.535300, 0.773800, -0.276200 ]
[ 6255 ] [ -0.234500, -0.511900, 0.740100, -0.367700 ] [ -0.195900, -0.535300, 0.773800, -0.276200 ]
[ 6356 ] [ -0.234500, -0.511900, 0.740100, -0.367700 ] [ -0.195900, -0.535300, 0.773800, -0.276200 ]
[ 6454 ] [ -0.114900, -0.469500, 0.787200, -0.383000 ] [ -0.112400, -0.537400, 0.776200, -0.310000 ]
[ 6555 ] [ -0.114900, -0.469500, 0.787200, -0.383000 ] [ -0.112400, -0.537400, 0.776200, -0.310000 ]
[ 6654 ] [ -0.114900, -0.469500, 0.787200, -0.383000 ] [ -0.112400, -0.537400, 0.776200, -0.310000 ]
[ 6755 ] [ -0.086000, -0.456800, 0.795100, -0.389700 ] [ -0.062900, -0.522700, 0.807900, -0.264700 ]
[ 6859 ] [ -0.086000, -0.456800, 0.795100, -0.389700 ] [ -0.062900, -0.522700, 0.807900, -0.264700 ]
[ 6955 ] [ -0.058900, -0.448900, 0.804600, -0.384200 ] [ -0.063900, -0.519500, 0.824200, -0.216400 ]
[ 7054 ] [ -0.058900, -0.448900, 0.804600, -0.384200 ] [ -0.063900, -0.519500, 0.824200, -0.216400 ]
[ 7157 ] [ -0.029200, -0.442500, 0.810900, -0.381900 ] [ -0.046000, -0.517900, 0.833400, -0.187200 ]
[ 7254 ] [ -0.029200, -0.442500, 0.810900, -0.381900 ] [ -0.046000, -0.517900, 0.833400, -0.187200 ]
[ 7358 ] [ -0.029200, -0.442500, 0.810900, -0.381900 ] [ -0.046000, -0.517900, 0.833400, -0.187200 ]
[ 7455 ] [ 0.002000, -0.433900, 0.817900, -0.377900 ] [ -0.022500, -0.513000, 0.843000, -0.160100 ]
[ 7554 ] [ 0.002000, -0.433900, 0.817900, -0.377900 ] [ -0.022500, -0.513000, 0.843000, -0.160100 ]
[ 7654 ] [ 0.002000, -0.433900, 0.817900, -0.377900 ] [ -0.022500, -0.513000, 0.843000, -0.160100 ]
[ 7755 ] [ 0.034200, -0.420500, 0.825000, -0.376100 ] [ 0.008100, -0.504900, 0.852500, -0.134800 ]
[ 7856 ] [ 0.034200, -0.420500, 0.825000, -0.376100 ] [ 0.008100, -0.504900, 0.852500, -0.134800 ]
[ 7956 ] [ 0.034200, -0.420500, 0.825000, -0.376100 ] [ 0.008100, -0.504900, 0.852500, -0.134800 ]
[ 8054 ] [ 0.149000, -0.365900, 0.843600, -0.363600 ] [ 0.119900, -0.474200, 0.869900, -0.063700 ]
[ 8154 ] [ 0.149000, -0.365900, 0.843600, -0.363600 ] [ 0.119900, -0.474200, 0.869900, -0.063700 ]
[ 8254 ] [ 0.149000, -0.365900, 0.843600, -0.363600 ] [ 0.119900, -0.474200, 0.869900, -0.063700 ]
[ 8355 ] [ 0.204100, -0.334000, 0.849300, -0.354100 ] [ 0.182100, -0.450700, 0.873200, -0.034500 ]
[ 8455 ] [ 0.204100, -0.334000, 0.849300, -0.354100 ] [ 0.182100, -0.450700, 0.873200, -0.034500 ]
[ 8556 ] [ 0.260500, -0.308300, 0.856000, -0.323000 ] [ 0.221300, -0.425600, 0.877100, 0.022900 ]
[ 8654 ] [ 0.260500, -0.308300, 0.856000, -0.323000 ] [ 0.221300, -0.425600, 0.877100, 0.022900 ]
[ 8756 ] [ 0.260500, -0.308300, 0.856000, -0.323000 ] [ 0.221300, -0.425600, 0.877100, 0.022900 ]
[ 8856 ] [ 0.304500, -0.292200, 0.869200, -0.257800 ] [ 0.249900, -0.394700, 0.879300, 0.092300 ]
[ 8956 ] [ 0.304500, -0.292200, 0.869200, -0.257800 ] [ 0.249900, -0.394700, 0.879300, 0.092300 ]
[ 9054 ] [ 0.343900, -0.270200, 0.870400, -0.226100 ] [ 0.277700, -0.371400, 0.874600, 0.141200 ]
[ 9156 ] [ 0.343900, -0.270200, 0.870400, -0.226100 ] [ 0.277700, -0.371400, 0.874600, 0.141200 ]
[ 9254 ] [ 0.343900, -0.270200, 0.870400, -0.226100 ] [ 0.277700, -0.371400, 0.874600, 0.141200 ]
[ 9355 ] [ 0.343900, -0.270200, 0.870400, -0.226100 ] [ 0.277700, -0.371400, 0.874600, 0.141200 ]
[ 9454 ] [ 0.443800, -0.205800, 0.856200, -0.166000 ] [ 0.358000, -0.291900, 0.850200, 0.252600 ]
[ 9555 ] [ 0.443800, -0.205800, 0.856200, -0.166000 ] [ 0.358000, -0.291900, 0.850200, 0.252600 ]
[ 9655 ] [ 0.469300, -0.171900, 0.853600, -0.147200 ] [ 0.383500, -0.251700, 0.841100, 0.286500 ]
[ 9754 ] [ 0.469300, -0.171900, 0.853600, -0.147200 ] [ 0.383500, -0.251700, 0.841100, 0.286500 ]
[ 9856 ] [ 0.469300, -0.171900, 0.853600, -0.147200 ] [ 0.383500, -0.251700, 0.841100, 0.286500 ]
[ 9955 ] [ 0.507800, -0.114700, 0.844600, -0.125000 ] [ 0.405000, -0.219600, 0.832100, 0.308800 ]
[ 10054 ] [ 0.507800, -0.114700, 0.844600, -0.125000 ] [ 0.405000, -0.219600, 0.832100, 0.308800 ]
[ 10155 ] [ 0.507800, -0.114700, 0.844600, -0.125000 ] [ 0.405000, -0.219600, 0.832100, 0.308800 ]
[ 10255 ] [ 0.527700, -0.085400, 0.837500, -0.113600 ] [ 0.425400, -0.189600, 0.821500, 0.329100 ]
[ 10358 ] [ 0.527700, -0.085400, 0.837500, -0.113600 ] [ 0.425400, -0.189600, 0.821500, 0.329100 ]
[ 10454 ] [ 0.546100, -0.062200, 0.828400, -0.107600 ] [ 0.445800, -0.157600, 0.809400, 0.348300 ]
[ 10555 ] [ 0.546100, -0.062200, 0.828400, -0.107600 ] [ 0.445800, -0.157600, 0.809400, 0.348300 ]
[ 10653 ] [ 0.546100, -0.062200, 0.828400, -0.107600 ] [ 0.445800, -0.157600, 0.809400, 0.348300 ]
[ 10755 ] [ 0.559000, -0.044500, 0.821300, -0.104600 ] [ 0.484200, -0.108700, 0.788300, 0.363800 ]
[ 10856 ] [ 0.559000, -0.044500, 0.821300, -0.104600 ] [ 0.484200, -0.108700, 0.788300, 0.363800 ]
[ 10955 ] [ 0.559000, -0.044500, 0.821300, -0.104600 ] [ 0.484200, -0.108700, 0.788300, 0.363800 ]
[ 11055 ] [ 0.565300, -0.037300, 0.817600, -0.102500 ] [ 0.490700, -0.098700, 0.784600, 0.365900 ]
[ 11155 ] [ 0.565300, -0.037300, 0.817600, -0.102500 ] [ 0.490700, -0.098700, 0.784600, 0.365900 ]
[ 11254 ] [ 0.565300, -0.037300, 0.817600, -0.102500 ] [ 0.490700, -0.098700, 0.784600, 0.365900 ]
[ 11355 ] [ 0.574900, -0.013600, 0.810600, -0.110500 ] [ 0.496100, -0.093200, 0.782700, 0.364200 ]
[ 11454 ] [ 0.574900, -0.013600, 0.810600, -0.110500 ] [ 0.496100, -0.093200, 0.782700, 0.364200 ]
[ 11556 ] [ 0.569600, 0.037400, 0.809900, -0.135000 ] [ 0.508100, -0.074300, 0.787100, 0.341800 ]
[ 11655 ] [ 0.569600, 0.037400, 0.809900, -0.135000 ] [ 0.508100, -0.074300, 0.787100, 0.341800 ]
[ 11756 ] [ 0.569600, 0.037400, 0.809900, -0.135000 ] [ 0.508100, -0.074300, 0.787100, 0.341800 ]
[ 11856 ] [ 0.571900, 0.071100, 0.803100, -0.151400 ] [ 0.528300, -0.042100, 0.791900, 0.303400 ]
[ 11955 ] [ 0.571900, 0.071100, 0.803100, -0.151400 ] [ 0.528300, -0.042100, 0.791900, 0.303400 ]
[ 12054 ] [ 0.571900, 0.071100, 0.803100, -0.151400 ] [ 0.528300, -0.042100, 0.791900, 0.303400 ]
[ 12154 ] [ 0.571100, 0.127700, 0.794900, -0.160300 ] [ 0.559900, -0.011900, 0.789400, 0.251400 ]
[ 12255 ] [ 0.571100, 0.127700, 0.794900, -0.160300 ] [ 0.559900, -0.011900, 0.789400, 0.251400 ]
[ 12354 ] [ 0.571100, 0.127700, 0.794900, -0.160300 ] [ 0.559900, -0.011900, 0.789400, 0.251400 ]
[ 12455 ] [ 0.577400, 0.132600, 0.791200, -0.151700 ] [ 0.565700, -0.019900, 0.779900, 0.267300 ]
[ 12554 ] [ 0.577400, 0.132600, 0.791200, -0.151700 ] [ 0.565700, -0.019900, 0.779900, 0.267300 ]
[ 12656 ] [ 0.581700, 0.136000, 0.788800, -0.144300 ] [ 0.568800, -0.017900, 0.774300, 0.276600 ]
[ 12754 ] [ 0.581700, 0.136000, 0.788800, -0.144300 ] [ 0.568800, -0.017900, 0.774300, 0.276600 ]
[ 12856 ] [ 0.581700, 0.136000, 0.788800, -0.144300 ] [ 0.568800, -0.017900, 0.774300, 0.276600 ]
[ 12955 ] [ 0.581400, 0.135800, 0.789200, -0.144100 ] [ 0.567200, -0.015800, 0.773000, 0.283800 ]
[ 13055 ] [ 0.581400, 0.135800, 0.789200, -0.144100 ] [ 0.567200, -0.015800, 0.773000, 0.283800 ]
[ 13155 ] [ 0.581400, 0.135800, 0.789200, -0.144100 ] [ 0.567200, -0.015800, 0.773000, 0.283800 ]
[ 13256 ] [ 0.582000, 0.122400, 0.792100, -0.137400 ] [ 0.558000, -0.018700, 0.770500, 0.307600 ]
[ 13358 ] [ 0.582000, 0.122400, 0.792100, -0.137400 ] [ 0.558000, -0.018700, 0.770500, 0.307600 ]
[ 13454 ] [ 0.582000, 0.122400, 0.792100, -0.137400 ] [ 0.558000, -0.018700, 0.770500, 0.307600 ]
[ 13555 ] [ 0.587600, 0.100100, 0.791300, -0.136600 ] [ 0.557400, -0.059200, 0.765900, 0.315000 ]
[ 13654 ] [ 0.587600, 0.100100, 0.791300, -0.136600 ] [ 0.557400, -0.059200, 0.765900, 0.315000 ]
[ 13755 ] [ 0.611400, 0.049900, 0.778700, -0.132000 ] [ 0.555900, -0.094200, 0.761200, 0.320300 ]
[ 13856 ] [ 0.611400, 0.049900, 0.778700, -0.132000 ] [ 0.555900, -0.094200, 0.761200, 0.320300 ]
[ 13954 ] [ 0.611400, 0.049900, 0.778700, -0.132000 ] [ 0.555900, -0.094200, 0.761200, 0.320300 ]
[ 14054 ] [ 0.625200, 0.039700, 0.770800, -0.115400 ] [ 0.542500, -0.161000, 0.720400, 0.401000 ]
[ 14155 ] [ 0.625200, 0.039700, 0.770800, -0.115400 ] [ 0.542500, -0.161000, 0.720400, 0.401000 ]
[ 14255 ] [ 0.625200, 0.039700, 0.770800, -0.115400 ] [ 0.542500, -0.161000, 0.720400, 0.401000 ]
[ 14354 ] [ 0.637900, 0.024400, 0.764500, -0.090000 ] [ 0.506800, -0.234900, 0.655800, 0.507800 ]
[ 14454 ] [ 0.637900, 0.024400, 0.764500, -0.090000 ] [ 0.506800, -0.234900, 0.655800, 0.507800 ]
[ 14555 ] [ 0.637900, 0.024400, 0.764500, -0.090000 ] [ 0.506800, -0.234900, 0.655800, 0.507800 ]
[ 14656 ] [ 0.641800, 0.024200, 0.761400, -0.087900 ] [ 0.519500, -0.226600, 0.644800, 0.512800 ]
[ 14754 ] [ 0.641800, 0.024200, 0.761400, -0.087900 ] [ 0.519500, -0.226600, 0.644800, 0.512800 ]
[ 14856 ] [ 0.641800, 0.024200, 0.761400, -0.087900 ] [ 0.519500, -0.226600, 0.644800, 0.512800 ]
[ 14956 ] [ 0.639400, 0.021700, 0.763800, -0.085300 ] [ 0.514100, -0.223300, 0.642100, 0.523000 ]
[ 15054 ] [ 0.639400, 0.021700, 0.763800, -0.085300 ] [ 0.514100, -0.223300, 0.642100, 0.523000 ]
[ 15154 ] [ 0.638300, 0.026300, 0.765700, -0.075000 ] [ 0.508600, -0.213100, 0.634000, 0.542200 ]
[ 15254 ] [ 0.638300, 0.026300, 0.765700, -0.075000 ] [ 0.508600, -0.213100, 0.634000, 0.542200 ]
[ 15355 ] [ 0.638300, 0.026300, 0.765700, -0.075000 ] [ 0.508600, -0.213100, 0.634000, 0.542200 ]
[ 15455 ] [ 0.634800, 0.032600, 0.769700, -0.059000 ] [ 0.503400, -0.203800, 0.625200, 0.560500 ]
[ 15555 ] [ 0.634800, 0.032600, 0.769700, -0.059000 ] [ 0.503400, -0.203800, 0.625200, 0.560500 ]
[ 15654 ] [ 0.634800, 0.032600, 0.769700, -0.059000 ] [ 0.503400, -0.203800, 0.625200, 0.560500 ]
[ 15755 ] [ 0.632600, 0.053800, 0.772500, -0.012100 ] [ 0.499500, -0.188800, 0.617400, 0.577600 ]
[ 15856 ] [ 0.632600, 0.053800, 0.772500, -0.012100 ] [ 0.499500, -0.188800, 0.617400, 0.577600 ]
[ 15954 ] [ 0.633800, 0.055400, 0.771400, -0.009000 ] [ 0.501700, -0.176400, 0.607000, 0.590600 ]
[ 16055 ] [ 0.633800, 0.055400, 0.771400, -0.009000 ] [ 0.501700, -0.176400, 0.607000, 0.590600 ]
[ 16154 ] [ 0.633800, 0.055400, 0.771400, -0.009000 ] [ 0.501700, -0.176400, 0.607000, 0.590600 ]
[ 16254 ] [ 0.633800, 0.055400, 0.771400, -0.009000 ] [ 0.501700, -0.176400, 0.607000, 0.590600 ]
[ 16359 ] [ 0.639800, -0.042300, 0.766400, -0.038100 ] [ 0.480600, -0.216100, 0.617100, 0.584400 ]
[ 16454 ] [ 0.639800, -0.042300, 0.766400, -0.038100 ] [ 0.480600, -0.216100, 0.617100, 0.584400 ]
[ 16555 ] [ 0.623200, -0.136000, 0.766000, -0.079400 ] [ 0.441100, -0.299900, 0.646500, 0.545400 ]
[ 16657 ] [ 0.623200, -0.136000, 0.766000, -0.079400 ] [ 0.441100, -0.299900, 0.646500, 0.545400 ]
[ 16755 ] [ 0.623200, -0.136000, 0.766000, -0.079400 ] [ 0.441100, -0.299900, 0.646500, 0.545400 ]
[ 16857 ] [ 0.588400, -0.227200, 0.766300, -0.122500 ] [ 0.381500, -0.370500, 0.681000, 0.503400 ]
[ 16955 ] [ 0.588400, -0.227200, 0.766300, -0.122500 ] [ 0.381500, -0.370500, 0.681000, 0.503400 ]
[ 17054 ] [ 0.538500, -0.314800, 0.759700, -0.183800 ] [ 0.318500, -0.428600, 0.721700, 0.440500 ]
[ 17157 ] [ 0.538500, -0.314800, 0.759700, -0.183800 ] [ 0.318500, -0.428600, 0.721700, 0.440500 ]
[ 17255 ] [ 0.538500, -0.314800, 0.759700, -0.183800 ] [ 0.318500, -0.428600, 0.721700, 0.440500 ]
[ 17354 ] [ 0.475000, -0.401300, 0.741600, -0.251600 ] [ 0.238900, -0.487900, 0.761500, 0.353500 ]
[ 17457 ] [ 0.475000, -0.401300, 0.741600, -0.251600 ] [ 0.238900, -0.487900, 0.761500, 0.353500 ]
[ 17555 ] [ 0.475000, -0.401300, 0.741600, -0.251600 ] [ 0.238900, -0.487900, 0.761500, 0.353500 ]
[ 17657 ] [ 0.416000, -0.469300, 0.707800, -0.325300 ] [ 0.160600, -0.535100, 0.789300, 0.254700 ]
[ 17755 ] [ 0.416000, -0.469300, 0.707800, -0.325300 ] [ 0.160600, -0.535100, 0.789300, 0.254700 ]
[ 17858 ] [ 0.416000, -0.469300, 0.707800, -0.325300 ] [ 0.160600, -0.535100, 0.789300, 0.254700 ]
[ 17956 ] [ 0.215100, -0.600400, 0.598600, -0.484700 ] [ -0.001500, -0.588000, 0.806900, -0.055600 ]
[ 18055 ] [ 0.215100, -0.600400, 0.598600, -0.484700 ] [ -0.001500, -0.588000, 0.806900, -0.055600 ]
[ 18159 ] [ 0.134500, -0.639800, 0.547700, -0.522000 ] [ -0.056500, -0.593400, 0.787400, -0.156800 ]
[ 18258 ] [ 0.134500, -0.639800, 0.547700, -0.522000 ] [ -0.056500, -0.593400, 0.787400, -0.156800 ]
[ 18354 ] [ 0.134500, -0.639800, 0.547700, -0.522000 ] [ -0.056500, -0.593400, 0.787400, -0.156800 ]
[ 18455 ] [ 0.052500, -0.670200, 0.499700, -0.546200 ] [ -0.106700, -0.598200, 0.752700, -0.253400 ]
[ 18562 ] [ 0.052500, -0.670200, 0.499700, -0.546200 ] [ -0.106700, -0.598200, 0.752700, -0.253400 ]
[ 18655 ] [ -0.030600, -0.687100, 0.454600, -0.565900 ] [ -0.166100, -0.593300, 0.712200, -0.336400 ]
[ 18755 ] [ -0.030600, -0.687100, 0.454600, -0.565900 ] [ -0.166100, -0.593300, 0.712200, -0.336400 ]
[ 18861 ] [ -0.030600, -0.687100, 0.454600, -0.565900 ] [ -0.166100, -0.593300, 0.712200, -0.336400 ]
[ 18956 ] [ -0.102400, -0.694600, 0.426500, -0.570200 ] [ -0.214100, -0.578300, 0.684100, -0.389500 ]
[ 19054 ] [ -0.102400, -0.694600, 0.426500, -0.570200 ] [ -0.214100, -0.578300, 0.684100, -0.389500 ]
[ 19155 ] [ -0.102400, -0.694600, 0.426500, -0.570200 ] [ -0.214100, -0.578300, 0.684100, -0.389500 ]
[ 19255 ] [ -0.102400, -0.694600, 0.426500, -0.570200 ] [ -0.214100, -0.578300, 0.684100, -0.389500 ]
[ 19362 ] [ -0.271300, -0.671500, 0.381100, -0.574600 ] [ -0.295200, -0.530600, 0.631700, -0.481800 ]
[ 19456 ] [ -0.271300, -0.671500, 0.381100, -0.574600 ] [ -0.295200, -0.530600, 0.631700, -0.481800 ]
[ 19554 ] [ -0.324400, -0.663900, 0.385600, -0.552500 ] [ -0.347100, -0.503400, 0.618500, -0.493600 ]
[ 19655 ] [ -0.324400, -0.663900, 0.385600, -0.552500 ] [ -0.347100, -0.503400, 0.618500, -0.493600 ]
[ 19755 ] [ -0.345100, -0.663300, 0.387300, -0.539400 ] [ -0.365300, -0.495800, 0.602300, -0.507900 ]
[ 19856 ] [ -0.345100, -0.663300, 0.387300, -0.539400 ] [ -0.365300, -0.495800, 0.602300, -0.507900 ]
[ 19954 ] [ -0.345100, -0.663300, 0.387300, -0.539400 ] [ -0.365300, -0.495800, 0.602300, -0.507900 ]
[ 20057 ] [ -0.344700, -0.665400, 0.388500, -0.536200 ] [ -0.377400, -0.492500, 0.605300, -0.498600 ]
[ 20154 ] [ -0.344700, -0.665400, 0.388500, -0.536200 ] [ -0.377400, -0.492500, 0.605300, -0.498600 ]
[ 20254 ] [ -0.344700, -0.665400, 0.388500, -0.536200 ] [ -0.377400, -0.492500, 0.605300, -0.498600 ]
[ 20356 ] [ -0.346500, -0.665700, 0.392000, -0.532100 ] [ -0.375000, -0.493800, 0.599900, -0.505600 ]
[ 20454 ] [ -0.346500, -0.665700, 0.392000, -0.532100 ] [ -0.375000, -0.493800, 0.599900, -0.505600 ]
[ 20555 ] [ -0.346500, -0.665700, 0.392000, -0.532100 ] [ -0.375000, -0.493800, 0.599900, -0.505600 ]
[ 20655 ] [ -0.349900, -0.665200, 0.393700, -0.529300 ] [ -0.301200, -0.544000, 0.528800, -0.577700 ]
[ 20755 ] [ -0.349900, -0.665200, 0.393700, -0.529300 ] [ -0.301200, -0.544000, 0.528800, -0.577700 ]
[ 20857 ] [ -0.349900, -0.665200, 0.393700, -0.529300 ] [ -0.301200, -0.544000, 0.528800, -0.577700 ]
[ 20955 ] [ -0.345700, -0.666200, 0.393700, -0.530800 ] [ -0.253800, -0.563900, 0.488000, -0.616000 ]
[ 21055 ] [ -0.345700, -0.666200, 0.393700, -0.530800 ] [ -0.253800, -0.563900, 0.488000, -0.616000 ]
[ 21155 ] [ -0.347900, -0.666400, 0.393800, -0.529000 ] [ -0.273600, -0.555300, 0.506800, -0.599900 ]
[ 21254 ] [ -0.347900, -0.666400, 0.393800, -0.529000 ] [ -0.273600, -0.555300, 0.506800, -0.599900 ]
[ 21355 ] [ -0.347900, -0.666400, 0.393800, -0.529000 ] [ -0.273600, -0.555300, 0.506800, -0.599900 ]
[ 21455 ] [ -0.344600, -0.671300, 0.386800, -0.530100 ] [ -0.258100, -0.554000, 0.535600, -0.582700 ]
[ 21554 ] [ -0.344600, -0.671300, 0.386800, -0.530100 ] [ -0.258100, -0.554000, 0.535600, -0.582700 ]
[ 21655 ] [ -0.282800, -0.691600, 0.375600, -0.548400 ] [ -0.157100, -0.562700, 0.609500, -0.535900 ]
[ 21755 ] [ -0.282800, -0.691600, 0.375600, -0.548400 ] [ -0.157100, -0.562700, 0.609500, -0.535900 ]
[ 21857 ] [ -0.282800, -0.691600, 0.375600, -0.548400 ] [ -0.157100, -0.562700, 0.609500, -0.535900 ]
[ 21955 ] [ -0.282800, -0.691600, 0.375600, -0.548400 ] [ -0.157100, -0.562700, 0.609500, -0.535900 ]
[ 22054 ] [ -0.175800, -0.722400, 0.372000, -0.555700 ] [ 0.113300, -0.528300, 0.769600, -0.340300 ]
[ 22155 ] [ -0.175800, -0.722400, 0.372000, -0.555700 ] [ 0.113300, -0.528300, 0.769600, -0.340300 ]
[ 22254 ] [ -0.168000, -0.725400, 0.375400, -0.552000 ] [ 0.155200, -0.502800, 0.807600, -0.266400 ]
[ 22359 ] [ -0.168000, -0.725400, 0.375400, -0.552000 ] [ 0.155200, -0.502800, 0.807600, -0.266400 ]
[ 22454 ] [ -0.168000, -0.725400, 0.375400, -0.552000 ] [ 0.155200, -0.502800, 0.807600, -0.266400 ]
[ 22554 ] [ -0.171900, -0.727600, 0.373300, -0.549300 ] [ 0.160000, -0.494200, 0.816000, -0.253500 ]
[ 22655 ] [ -0.171900, -0.727600, 0.373300, -0.549300 ] [ 0.160000, -0.494200, 0.816000, -0.253500 ]
[ 22754 ] [ -0.171900, -0.727600, 0.373300, -0.549300 ] [ 0.160000, -0.494200, 0.816000, -0.253500 ]
[ 22858 ] [ -0.177400, -0.728300, 0.371600, -0.547700 ] [ 0.160500, -0.490900, 0.818500, -0.251600 ]
[ 22955 ] [ -0.177400, -0.728300, 0.371600, -0.547700 ] [ 0.160500, -0.490900, 0.818500, -0.251600 ]
[ 23055 ] [ -0.180800, -0.728800, 0.371600, -0.546000 ] [ 0.162000, -0.485600, 0.822000, -0.249700 ]
[ 23154 ] [ -0.180800, -0.728800, 0.371600, -0.546000 ] [ 0.162000, -0.485600, 0.822000, -0.249700 ]
[ 23254 ] [ -0.180800, -0.728800, 0.371600, -0.546000 ] [ 0.162000, -0.485600, 0.822000, -0.249700 ]
[ 23355 ] [ -0.243800, -0.721500, 0.385500, -0.520900 ] [ 0.168200, -0.405700, 0.862700, -0.250900 ]
[ 23454 ] [ -0.243800, -0.721500, 0.385500, -0.520900 ] [ 0.168200, -0.405700, 0.862700, -0.250900 ]
[ 23554 ] [ -0.243800, -0.721500, 0.385500, -0.520900 ] [ 0.168200, -0.405700, 0.862700, -0.250900 ]
[ 23657 ] [ -0.293700, -0.697700, 0.435400, -0.487200 ] [ 0.168900, -0.232900, 0.933600, -0.213500 ]
[ 23755 ] [ -0.293700, -0.697700, 0.435400, -0.487200 ] [ 0.168900, -0.232900, 0.933600, -0.213500 ]
[ 23855 ] [ -0.293700, -0.697700, 0.435400, -0.487200 ] [ 0.168900, -0.232900, 0.933600, -0.213500 ]
[ 23955 ] [ -0.390300, -0.655200, 0.515900, -0.390100 ] [ 0.046700, 0.245000, 0.934200, -0.255200 ]
[ 24055 ] [ -0.390300, -0.655200, 0.515900, -0.390100 ] [ 0.046700, 0.245000, 0.934200, -0.255200 ]
[ 24154 ] [ -0.390300, -0.655200, 0.515900, -0.390100 ] [ 0.046700, 0.245000, 0.934200, -0.255200 ]
[ 24255 ] [ -0.403900, -0.648800, 0.533300, -0.362600 ] [ 0.015400, 0.299300, 0.919700, -0.253800 ]
[ 24354 ] [ -0.403900, -0.648800, 0.533300, -0.362600 ] [ 0.015400, 0.299300, 0.919700, -0.253800 ]
[ 24456 ] [ -0.402400, -0.642200, 0.542700, -0.362200 ] [ 0.014500, 0.305500, 0.919700, -0.246200 ]
[ 24554 ] [ -0.402400, -0.642200, 0.542700, -0.362200 ] [ 0.014500, 0.305500, 0.919700, -0.246200 ]
[ 24655 ] [ -0.402400, -0.642200, 0.542700, -0.362200 ] [ 0.014500, 0.305500, 0.919700, -0.246200 ]
[ 24756 ] [ -0.392700, -0.644700, 0.543200, -0.367500 ] [ 0.042400, 0.227300, 0.949200, -0.213200 ]
[ 24855 ] [ -0.392700, -0.644700, 0.543200, -0.367500 ] [ 0.042400, 0.227300, 0.949200, -0.213200 ]
[ 24955 ] [ -0.392700, -0.644700, 0.543200, -0.367500 ] [ 0.042400, 0.227300, 0.949200, -0.213200 ]
[ 25055 ] [ -0.351300, -0.663100, 0.525200, -0.401400 ] [ 0.099700, 0.041600, 0.978300, -0.176700 ]
[ 25155 ] [ -0.351300, -0.663100, 0.525200, -0.401400 ] [ 0.099700, 0.041600, 0.978300, -0.176700 ]
[ 25255 ] [ -0.298400, -0.681500, 0.493600, -0.450300 ] [ 0.139000, -0.162800, 0.964700, -0.153500 ]
[ 25366 ] [ -0.298400, -0.681500, 0.493600, -0.450300 ] [ 0.139000, -0.162800, 0.964700, -0.153500 ]
[ 25456 ] [ -0.298400, -0.681500, 0.493600, -0.450300 ] [ 0.139000, -0.162800, 0.964700, -0.153500 ]
[ 25555 ] [ -0.151400, -0.723800, 0.431500, -0.516800 ] [ 0.158300, -0.316500, 0.919300, -0.172100 ]
[ 25657 ] [ -0.151400, -0.723800, 0.431500, -0.516800 ] [ 0.158300, -0.316500, 0.919300, -0.172100 ]
[ 25756 ] [ -0.151400, -0.723800, 0.431500, -0.516800 ] [ 0.158300, -0.316500, 0.919300, -0.172100 ]
[ 25857 ] [ -0.124600, -0.735200, 0.412800, -0.523000 ] [ 0.160900, -0.430000, 0.865100, -0.201900 ]
[ 25956 ] [ -0.124600, -0.735200, 0.412800, -0.523000 ] [ 0.160900, -0.430000, 0.865100, -0.201900 ]
[ 26055 ] [ -0.124600, -0.735200, 0.412800, -0.523000 ] [ 0.160900, -0.430000, 0.865100, -0.201900 ]
[ 26155 ] [ -0.124900, -0.741400, 0.401900, -0.522700 ] [ 0.146900, -0.505600, 0.817100, -0.234900 ]
[ 26255 ] [ -0.124900, -0.741400, 0.401900, -0.522700 ] [ 0.146900, -0.505600, 0.817100, -0.234900 ]
[ 26355 ] [ -0.130900, -0.741300, 0.400400, -0.522400 ] [ 0.143600, -0.502300, 0.821100, -0.230100 ]
[ 26457 ] [ -0.130900, -0.741300, 0.400400, -0.522400 ] [ 0.143600, -0.502300, 0.821100, -0.230100 ]
[ 26554 ] [ -0.130900, -0.741300, 0.400400, -0.522400 ] [ 0.143600, -0.502300, 0.821100, -0.230100 ]
[ 26655 ] [ -0.133000, -0.742700, 0.400300, -0.520100 ] [ 0.139800, -0.501000, 0.823300, -0.227100 ]
[ 26754 ] [ -0.133000, -0.742700, 0.400300, -0.520100 ] [ 0.139800, -0.501000, 0.823300, -0.227100 ]
[ 26856 ] [ -0.133000, -0.742700, 0.400300, -0.520100 ] [ 0.139800, -0.501000, 0.823300, -0.227100 ]
[ 26958 ] [ -0.191800, -0.744700, 0.423500, -0.478800 ] [ 0.136400, -0.355900, 0.904300, -0.192400 ]
[ 27055 ] [ -0.191800, -0.744700, 0.423500, -0.478800 ] [ 0.136400, -0.355900, 0.904300, -0.192400 ]
[ 27154 ] [ -0.191800, -0.744700, 0.423500, -0.478800 ] [ 0.136400, -0.355900, 0.904300, -0.192400 ]
[ 27255 ] [ -0.245900, -0.722000, 0.481900, -0.431300 ] [ 0.121000, -0.155700, 0.962700, -0.185500 ]
[ 27355 ] [ -0.245900, -0.722000, 0.481900, -0.431300 ] [ 0.121000, -0.155700, 0.962700, -0.185500 ]
[ 27457 ] [ -0.301800, -0.688700, 0.528800, -0.393800 ] [ 0.093000, 0.029100, 0.976800, -0.190600 ]
[ 27554 ] [ -0.301800, -0.688700, 0.528800, -0.393800 ] [ 0.093000, 0.029100, 0.976800, -0.190600 ]
[ 27655 ] [ -0.301800, -0.688700, 0.528800, -0.393800 ] [ 0.093000, 0.029100, 0.976800, -0.190600 ]
[ 27754 ] [ -0.339500, -0.664000, 0.554400, -0.369400 ] [ 0.080400, 0.154300, 0.961800, -0.211400 ]
[ 27856 ] [ -0.339500, -0.664000, 0.554400, -0.369400 ] [ 0.080400, 0.154300, 0.961800, -0.211400 ]
[ 27955 ] [ -0.360600, -0.650000, 0.564600, -0.358700 ] [ 0.063100, 0.219600, 0.947000, -0.226000 ]
[ 28055 ] [ -0.360600, -0.650000, 0.564600, -0.358700 ] [ 0.063100, 0.219600, 0.947000, -0.226000 ]
[ 28155 ] [ -0.360600, -0.650000, 0.564600, -0.358700 ] [ 0.063100, 0.219600, 0.947000, -0.226000 ]
[ 28256 ] [ -0.360600, -0.650000, 0.564600, -0.358700 ] [ 0.063100, 0.219600, 0.947000, -0.226000 ]
[ 28361 ] [ -0.369000, -0.641500, 0.576900, -0.345600 ] [ 0.044700, 0.256200, 0.938300, -0.227900 ]
[ 28455 ] [ -0.369000, -0.641500, 0.576900, -0.345600 ] [ 0.044700, 0.256200, 0.938300, -0.227900 ]
[ 28556 ] [ -0.373200, -0.638500, 0.578400, -0.344200 ] [ 0.041700, 0.264000, 0.935200, -0.232200 ]
[ 28654 ] [ -0.373200, -0.638500, 0.578400, -0.344200 ] [ 0.041700, 0.264000, 0.935200, -0.232200 ]
[ 28754 ] [ -0.373200, -0.638500, 0.578400, -0.344200 ] [ 0.041700, 0.264000, 0.935200, -0.232200 ]
[ 28856 ] [ -0.374500, -0.634900, 0.582300, -0.343000 ] [ 0.038100, 0.271500, 0.932800, -0.233700 ]
[ 28955 ] [ -0.374500, -0.634900, 0.582300, -0.343000 ] [ 0.038100, 0.271500, 0.932800, -0.233700 ]
[ 29054 ] [ -0.374500, -0.634900, 0.582300, -0.343000 ] [ 0.038100, 0.271500, 0.932800, -0.233700 ]
[ 29156 ] [ -0.377600, -0.630700, 0.586300, -0.340500 ] [ 0.039000, 0.265000, 0.935700, -0.229500 ]
[ 29255 ] [ -0.377600, -0.630700, 0.586300, -0.340500 ] [ 0.039000, 0.265000, 0.935700, -0.229500 ]
[ 29355 ] [ -0.374900, -0.630100, 0.587200, -0.343000 ] [ 0.043700, 0.252500, 0.940200, -0.224300 ]
[ 29454 ] [ -0.374900, -0.630100, 0.587200, -0.343000 ] [ 0.043700, 0.252500, 0.940200, -0.224300 ]
[ 29554 ] [ -0.374900, -0.630100, 0.587200, -0.343000 ] [ 0.043700, 0.252500, 0.940200, -0.224300 ]
[ 29656 ] [ -0.339100, -0.649900, 0.565800, -0.377600 ] [ 0.053900, 0.221600, 0.951100, -0.208100 ]
[ 29756 ] [ -0.339100, -0.649900, 0.565800, -0.377600 ] [ 0.053900, 0.221600, 0.951100, -0.208100 ]
[ 29856 ] [ -0.339100, -0.649900, 0.565800, -0.377600 ] [ 0.053900, 0.221600, 0.951100, -0.208100 ]
[ 29956 ] [ -0.290000, -0.672500, 0.540100, -0.414700 ] [ 0.087400, 0.124500, 0.973000, -0.173300 ]
[ 30055 ] [ -0.290000, -0.672500, 0.540100, -0.414700 ] [ 0.087400, 0.124500, 0.973000, -0.173300 ]
[ 30154 ] [ -0.290000, -0.672500, 0.540100, -0.414700 ] [ 0.087400, 0.124500, 0.973000, -0.173300 ]
[ 30254 ] [ -0.219400, -0.696300, 0.516100, -0.447900 ] [ 0.124600, -0.031600, 0.982300, -0.136300 ]
[ 30354 ] [ -0.219400, -0.696300, 0.516100, -0.447900 ] [ 0.124600, -0.031600, 0.982300, -0.136300 ]
[ 30454 ] [ -0.219400, -0.696300, 0.516100, -0.447900 ] [ 0.124600, -0.031600, 0.982300, -0.136300 ]
[ 30555 ] [ -0.115600, -0.732200, 0.465200, -0.483900 ] [ 0.166900, -0.420000, 0.875100, -0.173100 ]
[ 30655 ] [ -0.115600, -0.732200, 0.465200, -0.483900 ] [ 0.166900, -0.420000, 0.875100, -0.173100 ]
[ 30755 ] [ -0.103000, -0.738300, 0.452200, -0.489800 ] [ 0.175600, -0.455300, 0.852800, -0.186100 ]
[ 30858 ] [ -0.103000, -0.738300, 0.452200, -0.489800 ] [ 0.175600, -0.455300, 0.852800, -0.186100 ]
[ 30955 ] [ -0.103000, -0.738300, 0.452200, -0.489800 ] [ 0.175600, -0.455300, 0.852800, -0.186100 ]
[ 31054 ] [ -0.103200, -0.739700, 0.448400, -0.491000 ] [ 0.178600, -0.461400, 0.848000, -0.190100 ]
[ 31155 ] [ -0.103200, -0.739700, 0.448400, -0.491000 ] [ 0.178600, -0.461400, 0.848000, -0.190100 ]
[ 31256 ] [ -0.106200, -0.741900, 0.445600, -0.489700 ] [ 0.178800, -0.459200, 0.849900, -0.186600 ]
[ 31364 ] [ -0.106200, -0.741900, 0.445600, -0.489700 ] [ 0.178800, -0.459200, 0.849900, -0.186600 ]
[ 31454 ] [ -0.106200, -0.741900, 0.445600, -0.489700 ] [ 0.178800, -0.459200, 0.849900, -0.186600 ]
[ 31554 ] [ -0.105600, -0.746800, 0.443100, -0.484600 ] [ 0.174900, -0.459700, 0.849700, -0.189800 ]
[ 31655 ] [ -0.105600, -0.746800, 0.443100, -0.484600 ] [ 0.174900, -0.459700, 0.849700, -0.189800 ]
[ 31755 ] [ -0.105600, -0.746800, 0.443100, -0.484600 ] [ 0.174900, -0.459700, 0.849700, -0.189800 ]
[ 31860 ] [ -0.220900, -0.724200, 0.425500, -0.495700 ] [ -0.082700, -0.577900, 0.656300, -0.478000 ]
[ 31955 ] [ -0.220900, -0.724200, 0.425500, -0.495700 ] [ -0.082700, -0.577900, 0.656300, -0.478000 ]
[ 32054 ] [ -0.220900, -0.724200, 0.425500, -0.495700 ] [ -0.082700, -0.577900, 0.656300, -0.478000 ]
[ 32156 ] [ -0.316400, -0.697600, 0.409400, -0.495600 ] [ -0.164600, -0.580200, 0.578000, -0.549700 ]
[ 32255 ] [ -0.316400, -0.697600, 0.409400, -0.495600 ] [ -0.164600, -0.580200, 0.578000, -0.549700 ]
[ 32355 ] [ -0.400600, -0.670000, 0.417900, -0.464700 ] [ -0.294900, -0.530800, 0.566300, -0.557300 ]
[ 32455 ] [ -0.400600, -0.670000, 0.417900, -0.464700 ] [ -0.294900, -0.530800, 0.566300, -0.557300 ]
[ 32555 ] [ -0.400600, -0.670000, 0.417900, -0.464700 ] [ -0.294900, -0.530800, 0.566300, -0.557300 ]
[ 32656 ] [ -0.421100, -0.659300, 0.421200, -0.458900 ] [ -0.341200, -0.518000, 0.554600, -0.554700 ]
[ 32754 ] [ -0.421100, -0.659300, 0.421200, -0.458900 ] [ -0.341200, -0.518000, 0.554600, -0.554700 ]
[ 32860 ] [ -0.421100, -0.659300, 0.421200, -0.458900 ] [ -0.341200, -0.518000, 0.554600, -0.554700 ]
[ 32955 ] [ -0.424000, -0.653400, 0.428600, -0.457900 ] [ -0.340900, -0.514400, 0.548300, -0.564400 ]
[ 33055 ] [ -0.424000, -0.653400, 0.428600, -0.457900 ] [ -0.340900, -0.514400, 0.548300, -0.564400 ]
[ 33155 ] [ -0.424000, -0.653400, 0.428600, -0.457900 ] [ -0.340900, -0.514400, 0.548300, -0.564400 ]
[ 33255 ] [ -0.532300, -0.603200, 0.539400, -0.248600 ] [ -0.601900, -0.324100, 0.667500, -0.295200 ]
[ 33355 ] [ -0.532300, -0.603200, 0.539400, -0.248600 ] [ -0.601900, -0.324100, 0.667500, -0.295200 ]
[ 33455 ] [ -0.524700, -0.632300, 0.536300, -0.192900 ] [ -0.649900, -0.332300, 0.637600, -0.246400 ]
[ 33555 ] [ -0.524700, -0.632300, 0.536300, -0.192900 ] [ -0.649900, -0.332300, 0.637600, -0.246400 ]
[ 33654 ] [ -0.524700, -0.632300, 0.536300, -0.192900 ] [ -0.649900, -0.332300, 0.637600, -0.246400 ]
[ 33755 ] [ -0.532700, -0.675400, 0.488300, -0.147300 ] [ -0.700500, -0.328800, 0.597900, -0.209000 ]
[ 33856 ] [ -0.532700, -0.675400, 0.488300, -0.147300 ] [ -0.700500, -0.328800, 0.597900, -0.209000 ]
[ 33955 ] [ -0.532700, -0.675400, 0.488300, -0.147300 ] [ -0.700500, -0.328800, 0.597900, -0.209000 ]
[ 34055 ] [ -0.523400, -0.718900, 0.443700, -0.111400 ] [ -0.787700, -0.347900, 0.489500, -0.137300 ]
[ 34160 ] [ -0.523400, -0.718900, 0.443700, -0.111400 ] [ -0.787700, -0.347900, 0.489500, -0.137300 ]
[ 34255 ] [ -0.499200, -0.759700, 0.408600, -0.081400 ] [ -0.808900, -0.372400, 0.441400, -0.109800 ]
[ 34359 ] [ -0.499200, -0.759700, 0.408600, -0.081400 ] [ -0.808900, -0.372400, 0.441400, -0.109800 ]
[ 34455 ] [ -0.499200, -0.759700, 0.408600, -0.081400 ] [ -0.808900, -0.372400, 0.441400, -0.109800 ]
[ 34555 ] [ -0.440800, -0.821600, 0.361600, -0.000600 ] [ -0.830500, -0.384100, 0.395700, -0.079100 ]
[ 34654 ] [ -0.440800, -0.821600, 0.361600, -0.000600 ] [ -0.830500, -0.384100, 0.395700, -0.079100 ]
[ 34757 ] [ -0.440800, -0.821600, 0.361600, -0.000600 ] [ -0.830500, -0.384100, 0.395700, -0.079100 ]
[ 34857 ] [ -0.430000, -0.834500, 0.343600, 0.025800 ] [ -0.858200, -0.378300, 0.342100, -0.057500 ]
[ 34954 ] [ -0.430000, -0.834500, 0.343600, 0.025800 ] [ -0.858200, -0.378300, 0.342100, -0.057500 ]
[ 35054 ] [ -0.430000, -0.834500, 0.343600, 0.025800 ] [ -0.858200, -0.378300, 0.342100, -0.057500 ]
[ 35156 ] [ -0.416800, -0.844300, 0.333600, 0.046900 ] [ -0.878800, -0.374600, 0.292400, -0.042500 ]
[ 35254 ] [ -0.416800, -0.844300, 0.333600, 0.046900 ] [ -0.878800, -0.374600, 0.292400, -0.042500 ]
[ 35354 ] [ -0.416800, -0.844300, 0.333600, 0.046900 ] [ -0.878800, -0.374600, 0.292400, -0.042500 ]
[ 35455 ] [ -0.411200, -0.845500, 0.335000, 0.061800 ] [ -0.887200, -0.388500, 0.247400, -0.029500 ]
[ 35555 ] [ -0.411200, -0.845500, 0.335000, 0.061800 ] [ -0.887200, -0.388500, 0.247400, -0.029500 ]
[ 35654 ] [ -0.413400, -0.842300, 0.338600, 0.071000 ] [ -0.882600, -0.395400, 0.250400, -0.043000 ]
[ 35754 ] [ -0.413400, -0.842300, 0.338600, 0.071000 ] [ -0.882600, -0.395400, 0.250400, -0.043000 ]
[ 35856 ] [ -0.413400, -0.842300, 0.338600, 0.071000 ] [ -0.882600, -0.395400, 0.250400, -0.043000 ]
[ 35955 ] [ -0.449100, -0.831500, 0.320400, 0.064700 ] [ -0.888900, -0.379700, 0.247900, -0.065400 ]
[ 36054 ] [ -0.449100, -0.831500, 0.320400, 0.064700 ] [ -0.888900, -0.379700, 0.247900, -0.065400 ]
[ 36156 ] [ -0.449100, -0.831500, 0.320400, 0.064700 ] [ -0.888900, -0.379700, 0.247900, -0.065400 ]
[ 36256 ] [ -0.460900, -0.826100, 0.318200, 0.062600 ] [ -0.892400, -0.375100, 0.237600, -0.080300 ]
[ 36354 ] [ -0.460900, -0.826100, 0.318200, 0.062600 ] [ -0.892400, -0.375100, 0.237600, -0.080300 ]
[ 36455 ] [ -0.468900, -0.802100, 0.366100, 0.051900 ] [ -0.890600, -0.370900, 0.244500, -0.097900 ]
[ 36554 ] [ -0.468900, -0.802100, 0.366100, 0.051900 ] [ -0.890600, -0.370900, 0.244500, -0.097900 ]
[ 36655 ] [ -0.468900, -0.802100, 0.366100, 0.051900 ] [ -0.890600, -0.370900, 0.244500, -0.097900 ]
[ 36755 ] [ -0.497200, -0.739300, 0.454000, 0.013400 ] [ -0.793000, -0.316200, 0.512000, -0.094600 ]
[ 36857 ] [ -0.497200, -0.739300, 0.454000, 0.013400 ] [ -0.793000, -0.316200, 0.512000, -0.094600 ]
[ 36955 ] [ -0.497200, -0.739300, 0.454000, 0.013400 ] [ -0.793000, -0.316200, 0.512000, -0.094600 ]
[ 37055 ] [ -0.523600, -0.643900, 0.556600, -0.037800 ] [ -0.666900, -0.298500, 0.666300, -0.148700 ]
[ 37156 ] [ -0.523600, -0.643900, 0.556600, -0.037800 ] [ -0.666900, -0.298500, 0.666300, -0.148700 ]
[ 37255 ] [ -0.523600, -0.643900, 0.556600, -0.037800 ] [ -0.666900, -0.298500, 0.666300, -0.148700 ]
[ 37367 ] [ -0.387700, -0.367600, 0.702800, -0.469700 ] [ -0.315000, -0.285900, 0.842300, -0.331100 ]
[ 37455 ] [ -0.387700, -0.367600, 0.702800, -0.469700 ] [ -0.315000, -0.285900, 0.842300, -0.331100 ]
[ 37554 ] [ -0.387700, -0.367600, 0.702800, -0.469700 ] [ -0.315000, -0.285900, 0.842300, -0.331100 ]
[ 37654 ] [ -0.278800, -0.277700, 0.769100, -0.503600 ] [ -0.112600, -0.286000, 0.830500, -0.464500 ]
[ 37755 ] [ -0.278800, -0.277700, 0.769100, -0.503600 ] [ -0.112600, -0.286000, 0.830500, -0.464500 ]
[ 37858 ] [ -0.185000, -0.194600, 0.808900, -0.523100 ] [ 0.021200, -0.225200, 0.853300, -0.469800 ]
[ 37956 ] [ -0.185000, -0.194600, 0.808900, -0.523100 ] [ 0.021200, -0.225200, 0.853300, -0.469800 ]
[ 38054 ] [ -0.185000, -0.194600, 0.808900, -0.523100 ] [ 0.021200, -0.225200, 0.853300, -0.469800 ]
[ 38156 ] [ -0.083400, -0.116200, 0.858200, -0.492900 ] [ 0.094800, -0.165500, 0.910200, -0.367600 ]
[ 38255 ] [ -0.083400, -0.116200, 0.858200, -0.492900 ] [ 0.094800, -0.165500, 0.910200, -0.367600 ]
[ 38354 ] [ 0.011100, -0.060500, 0.896000, -0.439700 ] [ 0.162400, -0.123400, 0.941700, -0.267500 ]
[ 38455 ] [ 0.011100, -0.060500, 0.896000, -0.439700 ] [ 0.162400, -0.123400, 0.941700, -0.267500 ]
[ 38554 ] [ 0.011100, -0.060500, 0.896000, -0.439700 ] [ 0.162400, -0.123400, 0.941700, -0.267500 ]
[ 38655 ] [ 0.011100, -0.060500, 0.896000, -0.439700 ] [ 0.162400, -0.123400, 0.941700, -0.267500 ]
[ 38755 ] [ 0.229700, -0.008400, 0.920200, -0.316800 ] [ 0.304200, -0.100000, 0.947100, -0.020700 ]
[ 38857 ] [ 0.229700, -0.008400, 0.920200, -0.316800 ] [ 0.304200, -0.100000, 0.947100, -0.020700 ]
[ 38956 ] [ 0.279300, -0.009600, 0.910500, -0.304800 ] [ 0.338500, -0.102300, 0.935400, 0.004700 ]
[ 39054 ] [ 0.279300, -0.009600, 0.910500, -0.304800 ] [ 0.338500, -0.102300, 0.935400, 0.004700 ]
[ 39155 ] [ 0.279300, -0.009600, 0.910500, -0.304800 ] [ 0.338500, -0.102300, 0.935400, 0.004700 ]
[ 39255 ] [ 0.318000, -0.009500, 0.899900, -0.298200 ] [ 0.367800, -0.100600, 0.924200, 0.020400 ]
[ 39354 ] [ 0.318000, -0.009500, 0.899900, -0.298200 ] [ 0.367800, -0.100600, 0.924200, 0.020400 ]
[ 39454 ] [ 0.318000, -0.009500, 0.899900, -0.298200 ] [ 0.367800, -0.100600, 0.924200, 0.020400 ]
[ 39555 ] [ 0.360600, -0.008700, 0.887800, -0.285800 ] [ 0.389200, -0.091800, 0.915900, 0.036200 ]
[ 39654 ] [ 0.360600, -0.008700, 0.887800, -0.285800 ] [ 0.389200, -0.091800, 0.915900, 0.036200 ]
[ 39755 ] [ 0.375900, -0.019200, 0.883300, -0.279500 ] [ 0.398300, -0.089800, 0.911700, 0.045900 ]
[ 39857 ] [ 0.375900, -0.019200, 0.883300, -0.279500 ] [ 0.398300, -0.089800, 0.911700, 0.045900 ]
[ 39956 ] [ 0.375900, -0.019200, 0.883300, -0.279500 ] [ 0.398300, -0.089800, 0.911700, 0.045900 ]
[ 40054 ] [ 0.387400, -0.035000, 0.878500, -0.277400 ] [ 0.404400, -0.092600, 0.907900, 0.060800 ]
[ 40158 ] [ 0.387400, -0.035000, 0.878500, -0.277400 ] [ 0.404400, -0.092600, 0.907900, 0.060800 ]
[ 40255 ] [ 0.387400, -0.035000, 0.878500, -0.277400 ] [ 0.404400, -0.092600, 0.907900, 0.060800 ]
[ 40359 ] [ 0.403700, -0.044300, 0.873500, -0.268600 ] [ 0.428000, -0.126600, 0.892600, 0.063300 ]
[ 40455 ] [ 0.403700, -0.044300, 0.873500, -0.268600 ] [ 0.428000, -0.126600, 0.892600, 0.063300 ]
[ 40555 ] [ 0.409900, -0.019200, 0.867300, -0.281700 ] [ 0.471600, -0.095000, 0.876600, 0.013400 ]
[ 40654 ] [ 0.409900, -0.019200, 0.867300, -0.281700 ] [ 0.471600, -0.095000, 0.876600, 0.013400 ]
[ 40755 ] [ 0.409900, -0.019200, 0.867300, -0.281700 ] [ 0.471600, -0.095000, 0.876600, 0.013400 ]
[ 40856 ] [ 0.409900, -0.019200, 0.867300, -0.281700 ] [ 0.471600, -0.095000, 0.876600, 0.013400 ]
[ 40955 ] [ 0.437700, 0.022500, 0.821500, -0.364700 ] [ 0.503300, -0.069000, 0.857700, -0.079200 ]
[ 41055 ] [ 0.437700, 0.022500, 0.821500, -0.364700 ] [ 0.503300, -0.069000, 0.857700, -0.079200 ]
[ 41155 ] [ 0.447500, 0.000400, 0.821700, -0.352900 ] [ 0.506000, -0.075700, 0.856000, -0.073700 ]
[ 41255 ] [ 0.447500, 0.000400, 0.821700, -0.352900 ] [ 0.506000, -0.075700, 0.856000, -0.073700 ]
[ 41354 ] [ 0.447500, 0.000400, 0.821700, -0.352900 ] [ 0.506000, -0.075700, 0.856000, -0.073700 ]
[ 41455 ] [ 0.455100, -0.020000, 0.821800, -0.342200 ] [ 0.507200, -0.080800, 0.855200, -0.069600 ]
[ 41554 ] [ 0.455100, -0.020000, 0.821800, -0.342200 ] [ 0.507200, -0.080800, 0.855200, -0.069600 ]
[ 41654 ] [ 0.455100, -0.020000, 0.821800, -0.342200 ] [ 0.507200, -0.080800, 0.855200, -0.069600 ]
[ 41755 ] [ 0.458700, -0.058200, 0.822100, -0.332100 ] [ 0.498100, -0.096500, 0.859400, -0.063600 ]
[ 41855 ] [ 0.458700, -0.058200, 0.822100, -0.332100 ] [ 0.498100, -0.096500, 0.859400, -0.063600 ]
[ 41956 ] [ 0.461100, -0.071500, 0.820800, -0.329600 ] [ 0.496700, -0.094800, 0.860100, -0.067700 ]
[ 42055 ] [ 0.461100, -0.071500, 0.820800, -0.329600 ] [ 0.496700, -0.094800, 0.860100, -0.067700 ]
[ 42156 ] [ 0.461100, -0.071500, 0.820800, -0.329600 ] [ 0.496700, -0.094800, 0.860100, -0.067700 ]
[ 42256 ] [ 0.461800, -0.098000, 0.826100, -0.307600 ] [ 0.441500, -0.159000, 0.878200, 0.092700 ]
[ 42355 ] [ 0.461800, -0.098000, 0.826100, -0.307600 ] [ 0.441500, -0.159000, 0.878200, 0.092700 ]
[ 42455 ] [ 0.461800, -0.098000, 0.826100, -0.307600 ] [ 0.441500, -0.159000, 0.878200, 0.092700 ]
[ 42556 ] [ 0.457000, -0.129900, 0.832700, -0.284500 ] [ 0.405200, -0.186200, 0.880200, 0.162200 ]
[ 42654 ] [ 0.457000, -0.129900, 0.832700, -0.284500 ] [ 0.405200, -0.186200, 0.880200, 0.162200 ]
[ 42754 ] [ 0.457000, -0.129900, 0.832700, -0.284500 ] [ 0.405200, -0.186200, 0.880200, 0.162200 ]
[ 42859 ] [ 0.451500, -0.144100, 0.836900, -0.273800 ] [ 0.394900, -0.181600, 0.885100, 0.166100 ]
[ 42956 ] [ 0.451500, -0.144100, 0.836900, -0.273800 ] [ 0.394900, -0.181600, 0.885100, 0.166100 ]
[ 43054 ] [ 0.451500, -0.144100, 0.836900, -0.273800 ] [ 0.394900, -0.181600, 0.885100, 0.166100 ]
[ 43156 ] [ 0.434400, -0.172000, 0.839200, -0.278300 ] [ 0.386000, -0.168900, 0.897000, 0.134100 ]
[ 43256 ] [ 0.434400, -0.172000, 0.839200, -0.278300 ] [ 0.386000, -0.168900, 0.897000, 0.134100 ]
[ 43364 ] [ 0.386900, -0.223200, 0.844900, -0.294400 ] [ 0.321500, -0.147000, 0.926100, 0.132000 ]
[ 43454 ] [ 0.386900, -0.223200, 0.844900, -0.294400 ] [ 0.321500, -0.147000, 0.926100, 0.132000 ]
[ 43555 ] [ 0.386900, -0.223200, 0.844900, -0.294400 ] [ 0.321500, -0.147000, 0.926100, 0.132000 ]
[ 43655 ] [ 0.303200, -0.320000, 0.824600, -0.354500 ] [ 0.226200, -0.090200, 0.959100, 0.144300 ]
[ 43754 ] [ 0.303200, -0.320000, 0.824600, -0.354500 ] [ 0.226200, -0.090200, 0.959100, 0.144300 ]
[ 43856 ] [ 0.185600, -0.420600, 0.767100, -0.447400 ] [ 0.101300, -0.086400, 0.985900, 0.100900 ]
[ 43954 ] [ 0.185600, -0.420600, 0.767100, -0.447400 ] [ 0.101300, -0.086400, 0.985900, 0.100900 ]
[ 44054 ] [ 0.185600, -0.420600, 0.767100, -0.447400 ] [ 0.101300, -0.086400, 0.985900, 0.100900 ]
[ 44156 ] [ 0.048100, -0.514600, 0.672000, -0.530400 ] [ -0.049700, -0.122500, 0.990800, -0.028500 ]
[ 44255 ] [ 0.048100, -0.514600, 0.672000, -0.530400 ] [ -0.049700, -0.122500, 0.990800, -0.028500 ]
[ 44354 ] [ 0.048100, -0.514600, 0.672000, -0.530400 ] [ -0.049700, -0.122500, 0.990800, -0.028500 ]
[ 44455 ] [ -0.300200, -0.655200, 0.465900, -0.513300 ] [ -0.475800, -0.283700, 0.790300, -0.261700 ]
[ 44555 ] [ -0.300200, -0.655200, 0.465900, -0.513300 ] [ -0.475800, -0.283700, 0.790300, -0.261700 ]
[ 44654 ] [ -0.300200, -0.655200, 0.465900, -0.513300 ] [ -0.475800, -0.283700, 0.790300, -0.261700 ]
[ 44762 ] [ -0.382400, -0.702700, 0.370100, -0.472300 ] [ -0.553000, -0.353500, 0.701300, -0.278300 ]
[ 44858 ] [ -0.382400, -0.702700, 0.370100, -0.472300 ] [ -0.553000, -0.353500, 0.701300, -0.278300 ]
[ 44956 ] [ -0.411200, -0.729200, 0.337900, -0.430100 ] [ -0.588000, -0.379500, 0.657900, -0.278200 ]
[ 45054 ] [ -0.411200, -0.729200, 0.337900, -0.430100 ] [ -0.588000, -0.379500, 0.657900, -0.278200 ]
[ 45155 ] [ -0.411200, -0.729200, 0.337900, -0.430100 ] [ -0.588000, -0.379500, 0.657900, -0.278200 ]
[ 45255 ] [ -0.400300, -0.747200, 0.296200, -0.440200 ] [ -0.360100, -0.510200, 0.643700, -0.442400 ]
[ 45356 ] [ -0.400300, -0.747200, 0.296200, -0.440200 ] [ -0.360100, -0.510200, 0.643700, -0.442400 ]
[ 45455 ] [ -0.400300, -0.747200, 0.296200, -0.440200 ] [ -0.360100, -0.510200, 0.643700, -0.442400 ]
[ 45556 ] [ -0.320900, -0.766800, 0.278300, -0.481200 ] [ -0.071000, -0.469700, 0.704300, -0.527600 ]
[ 45655 ] [ -0.320900, -0.766800, 0.278300, -0.481200 ] [ -0.071000, -0.469700, 0.704300, -0.527600 ]
[ 45754 ] [ -0.320900, -0.766800, 0.278300, -0.481200 ] [ -0.071000, -0.469700, 0.704300, -0.527600 ]
[ 45858 ] [ -0.236900, -0.636900, 0.519500, -0.518100 ] [ 0.147600, 0.051500, 0.933000, -0.324000 ]
[ 45954 ] [ -0.236900, -0.636900, 0.519500, -0.518100 ] [ 0.147600, 0.051500, 0.933000, -0.324000 ]
[ 46056 ] [ -0.250400, -0.531500, 0.641900, -0.492700 ] [ 0.039000, 0.120200, 0.953400, -0.273900 ]
[ 46157 ] [ -0.250400, -0.531500, 0.641900, -0.492700 ] [ 0.039000, 0.120200, 0.953400, -0.273900 ]
[ 46255 ] [ -0.250400, -0.531500, 0.641900, -0.492700 ] [ 0.039000, 0.120200, 0.953400, -0.273900 ]
[ 46362 ] [ -0.270200, -0.514100, 0.684600, -0.440400 ] [ -0.062200, 0.161300, 0.960900, -0.216400 ]
[ 46456 ] [ -0.270200, -0.514100, 0.684600, -0.440400 ] [ -0.062200, 0.161300, 0.960900, -0.216400 ]
[ 46554 ] [ -0.270200, -0.514100, 0.684600, -0.440400 ] [ -0.062200, 0.161300, 0.960900, -0.216400 ]
