[ 2.060000e+00 ] [ 0.243600, -0.862100, -0.373800, -0.240100 ] [ 0.198600, -0.923600, 0.327500, 0.017200 ]
[ 2.156000e+00 ] [ 0.148500, -0.772400, -0.576900, -0.220400 ] [ 0.484900, -0.840700, -0.180500, -0.159600 ]
[ 2.261000e+00 ] [ 0.212600, -0.717600, -0.581500, -0.319000 ] [ 0.510200, -0.717600, -0.327300, -0.343000 ]
[ 2.355000e+00 ] [ 0.310600, -0.627000, -0.465700, -0.541800 ] [ 0.559100, -0.653900, -0.378000, -0.342000 ]
[ 2.457000e+00 ] [ 0.309800, -0.628600, -0.480400, -0.527400 ] [ 0.578400, -0.624100, -0.422000, -0.312900 ]
[ 2.554000e+00 ] [ 0.297000, -0.634700, -0.481200, -0.526600 ] [ 0.568000, -0.623300, -0.438800, -0.310300 ]
[ 2.655000e+00 ] [ 0.270400, -0.642500, -0.473400, -0.538400 ] [ 0.556000, -0.629300, -0.431100, -0.330200 ]
[ 2.756000e+00 ] [ 0.261000, -0.644300, -0.468800, -0.544900 ] [ 0.552400, -0.631200, -0.425700, -0.339500 ]
[ 2.855000e+00 ] [ 0.251600, -0.647800, -0.466300, -0.547400 ] [ 0.545100, -0.633400, -0.423500, -0.349800 ]
[ 2.960000e+00 ] [ 0.251600, -0.647800, -0.466300, -0.547400 ] [ 0.545100, -0.633400, -0.423500, -0.349800 ]
[ 3.060000e+00 ] [ 0.246500, -0.649700, -0.464500, -0.548900 ] [ 0.544500, -0.632500, -0.422600, -0.353500 ]
[ 3.152000e+00 ] [ 0.246500, -0.649700, -0.464500, -0.548900 ] [ 0.544500, -0.632500, -0.422600, -0.353500 ]
[ 3.252000e+00 ] [ 0.243100, -0.649600, -0.462400, -0.552400 ] [ 0.542900, -0.632600, -0.421400, -0.357200 ]
[ 3.352000e+00 ] [ 0.243100, -0.649600, -0.462400, -0.552400 ] [ 0.542900, -0.632600, -0.421400, -0.357200 ]
[ 3.452000e+00 ] [ 0.243100, -0.649600, -0.462400, -0.552400 ] [ 0.542900, -0.632600, -0.421400, -0.357200 ]
[ 3.552000e+00 ] [ 0.232800, -0.654000, -0.454700, -0.558000 ] [ 0.540200, -0.634200, -0.419100, -0.361000 ]
[ 3.653000e+00 ] [ 0.232800, -0.654000, -0.454700, -0.558000 ] [ 0.540200, -0.634200, -0.419100, -0.361000 ]
[ 3.753000e+00 ] [ 0.232800, -0.654000, -0.454700, -0.558000 ] [ 0.540200, -0.634200, -0.419100, -0.361000 ]
[ 3.853000e+00 ] [ 0.228100, -0.656500, -0.451200, -0.559900 ] [ 0.537900, -0.635200, -0.417600, -0.364300 ]
[ 3.951000e+00 ] [ 0.228100, -0.656500, -0.451200, -0.559900 ] [ 0.537900, -0.635200, -0.417600, -0.364300 ]
[ 4.051000e+00 ] [ 0.228100, -0.656500, -0.451200, -0.559900 ] [ 0.537900, -0.635200, -0.417600, -0.364300 ]
[ 4.151000e+00 ] [ 0.220500, -0.660700, -0.445900, -0.562200 ] [ 0.533200, -0.637600, -0.414400, -0.370800 ]
[ 4.252000e+00 ] [ 0.220500, -0.660700, -0.445900, -0.562200 ] [ 0.533200, -0.637600, -0.414400, -0.370800 ]
[ 4.351000e+00 ] [ 0.216100, -0.662400, -0.442600, -0.564500 ] [ 0.532200, -0.637900, -0.412700, -0.373500 ]
[ 4.451000e+00 ] [ 0.216100, -0.662400, -0.442600, -0.564500 ] [ 0.532200, -0.637900, -0.412700, -0.373500 ]
[ 4.553000e+00 ] [ 0.216100, -0.662400, -0.442600, -0.564500 ] [ 0.532200, -0.637900, -0.412700, -0.373500 ]
[ 4.652000e+00 ] [ 0.212800, -0.664300, -0.439300, -0.566100 ] [ 0.530600, -0.638900, -0.410800, -0.376100 ]
[ 4.752000e+00 ] [ 0.212800, -0.664300, -0.439300, -0.566100 ] [ 0.530600, -0.638900, -0.410800, -0.376100 ]
[ 4.852000e+00 ] [ 0.209400, -0.666600, -0.436100, -0.567100 ] [ 0.529200, -0.640000, -0.409600, -0.377500 ]
[ 4.952000e+00 ] [ 0.209400, -0.666600, -0.436100, -0.567100 ] [ 0.529200, -0.640000, -0.409600, -0.377500 ]
[ 5.052000e+00 ] [ 0.209400, -0.666600, -0.436100, -0.567100 ] [ 0.529200, -0.640000, -0.409600, -0.377500 ]
[ 5.153000e+00 ] [ 0.205500, -0.668500, -0.432800, -0.568800 ] [ 0.528000, -0.640800, -0.408100, -0.379600 ]
[ 5.252000e+00 ] [ 0.205500, -0.668500, -0.432800, -0.568800 ] [ 0.528000, -0.640800, -0.408100, -0.379600 ]
[ 5.352000e+00 ] [ 0.205500, -0.668500, -0.432800, -0.568800 ] [ 0.528000, -0.640800, -0.408100, -0.379600 ]
[ 5.451000e+00 ] [ 0.205500, -0.668500, -0.432800, -0.568800 ] [ 0.528000, -0.640800, -0.408100, -0.379600 ]
[ 5.553000e+00 ] [ 0.195900, -0.673900, -0.422700, -0.573400 ] [ 0.525100, -0.643900, -0.401800, -0.385000 ]
[ 5.654000e+00 ] [ 0.195900, -0.673900, -0.422700, -0.573400 ] [ 0.525100, -0.643900, -0.401800, -0.385000 ]
[ 5.754000e+00 ] [ 0.198000, -0.676400, -0.426100, -0.567200 ] [ 0.511400, -0.657500, -0.401300, -0.381000 ]
[ 5.852000e+00 ] [ 0.198000, -0.676400, -0.426100, -0.567200 ] [ 0.511400, -0.657500, -0.401300, -0.381000 ]
[ 5.961000e+00 ] [ 0.220000, -0.688400, -0.440600, -0.532600 ] [ 0.495900, -0.694900, -0.422000, -0.305300 ]
[ 6.060000e+00 ] [ 0.220000, -0.688400, -0.440600, -0.532600 ] [ 0.495900, -0.694900, -0.422000, -0.305300 ]
[ 6.151000e+00 ] [ 0.220000, -0.688400, -0.440600, -0.532600 ] [ 0.495900, -0.694900, -0.422000, -0.305300 ]
[ 6.251000e+00 ] [ 0.249500, -0.713700, -0.448700, -0.476400 ] [ 0.551100, -0.702700, -0.426200, -0.143900 ]
[ 6.352000e+00 ] [ 0.249500, -0.713700, -0.448700, -0.476400 ] [ 0.551100, -0.702700, -0.426200, -0.143900 ]
[ 6.453000e+00 ] [ 0.249500, -0.713700, -0.448700, -0.476400 ] [ 0.551100, -0.702700, -0.426200, -0.143900 ]
[ 6.552000e+00 ] [ 0.263900, -0.711400, -0.472900, -0.447900 ] [ 0.730700, -0.585800, -0.329900, 0.119200 ]
[ 6.653000e+00 ] [ 0.263900, -0.711400, -0.472900, -0.447900 ] [ 0.730700, -0.585800, -0.329900, 0.119200 ]
[ 6.751000e+00 ] [ 0.263900, -0.711400, -0.472900, -0.447900 ] [ 0.730700, -0.585800, -0.329900, 0.119200 ]
[ 6.852000e+00 ] [ 0.263400, -0.672900, -0.487600, -0.490000 ] [ 0.688000, -0.679200, -0.128300, 0.221100 ]
[ 6.951000e+00 ] [ 0.263400, -0.672900, -0.487600, -0.490000 ] [ 0.688000, -0.679200, -0.128300, 0.221100 ]
[ 7.052000e+00 ] [ 0.218400, -0.796000, -0.236600, -0.512600 ] [ 0.527400, -0.828600, 0.082300, 0.168900 ]
[ 7.156000e+00 ] [ 0.218400, -0.796000, -0.236600, -0.512600 ] [ 0.527400, -0.828600, 0.082300, 0.168900 ]
[ 7.254000e+00 ] [ 0.218400, -0.796000, -0.236600, -0.512600 ] [ 0.527400, -0.828600, 0.082300, 0.168900 ]
[ 7.351000e+00 ] [ 0.192200, -0.836000, -0.095000, -0.505100 ] [ 0.410400, -0.867400, 0.263900, 0.098000 ]
[ 7.451000e+00 ] [ 0.192200, -0.836000, -0.095000, -0.505100 ] [ 0.410400, -0.867400, 0.263900, 0.098000 ]
[ 7.560000e+00 ] [ 0.192200, -0.836000, -0.095000, -0.505100 ] [ 0.410400, -0.867400, 0.263900, 0.098000 ]
[ 7.654000e+00 ] [ 0.128400, -0.848000, 0.001500, -0.514200 ] [ 0.222900, -0.879600, 0.414400, -0.069600 ]
[ 7.754000e+00 ] [ 0.128400, -0.848000, 0.001500, -0.514200 ] [ 0.222900, -0.879600, 0.414400, -0.069600 ]
[ 7.851000e+00 ] [ 0.128400, -0.848000, 0.001500, -0.514200 ] [ 0.222900, -0.879600, 0.414400, -0.069600 ]
