[ 2463 ] [ 0.578100, 0.047000, -0.363600, -0.729000 ] [ 0.050400, -0.750500, -0.658000, 0.035500 ]
[ 2592 ] [ 0.560000, 0.037800, -0.364700, -0.742900 ] [ 0.050100, -0.748500, -0.660300, 0.035600 ]
[ 2650 ] [ 0.552900, 0.034300, -0.365100, -0.748200 ] [ 0.050100, -0.747700, -0.661200, 0.035700 ]
[ 2706 ] [ 0.534400, 0.025200, -0.365900, -0.761500 ] [ 0.050100, -0.747000, -0.662000, 0.035700 ]
[ 2916 ] [ 0.527100, 0.021700, -0.366100, -0.766600 ] [ 0.050000, -0.744900, -0.664300, 0.035900 ]
[ 2952 ] [ 0.519900, 0.018300, -0.366300, -0.771500 ] [ 0.049900, -0.744200, -0.665200, 0.035900 ]
[ 2987 ] [ 0.500700, 0.009200, -0.366800, -0.784000 ] [ 0.050000, -0.742100, -0.667400, 0.036100 ]
[ 3083 ] [ 0.493200, 0.005800, -0.366900, -0.788700 ] [ 0.049900, -0.741400, -0.668200, 0.036300 ]
[ 3182 ] [ 0.493200, 0.005800, -0.366900, -0.788700 ] [ 0.049900, -0.741400, -0.668200, 0.036300 ]
[ 3282 ] [ 0.485700, 0.002200, -0.367000, -0.793400 ] [ 0.049800, -0.740600, -0.669100, 0.036200 ]
[ 3379 ] [ 0.485700, 0.002200, -0.367000, -0.793400 ] [ 0.049800, -0.740600, -0.669100, 0.036200 ]
[ 3479 ] [ 0.485700, 0.002200, -0.367000, -0.793400 ] [ 0.049800, -0.740600, -0.669100, 0.036200 ]
[ 3585 ] [ 0.485700, 0.002200, -0.367000, -0.793400 ] [ 0.049800, -0.740600, -0.669100, 0.036200 ]
[ 3680 ] [ 0.466000, -0.006700, -0.366800, -0.805100 ] [ 0.049700, -0.738600, -0.671300, 0.036300 ]
[ 3781 ] [ 0.466000, -0.006700, -0.366800, -0.805100 ] [ 0.049700, -0.738600, -0.671300, 0.036300 ]
[ 3876 ] [ 0.466000, -0.006700, -0.366800, -0.805100 ] [ 0.049700, -0.738600, -0.671300, 0.036300 ]
[ 3978 ] [ 0.458300, -0.010100, -0.367000, -0.809400 ] [ 0.049600, -0.737800, -0.672200, 0.036300 ]
[ 4077 ] [ 0.458300, -0.010100, -0.367000, -0.809400 ] [ 0.049600, -0.737800, -0.672200, 0.036300 ]
[ 4178 ] [ 0.458300, -0.010100, -0.367000, -0.809400 ] [ 0.049600, -0.737800, -0.672200, 0.036300 ]
[ 4280 ] [ 0.458300, -0.010100, -0.367000, -0.809400 ] [ 0.049600, -0.737800, -0.672200, 0.036300 ]
[ 4379 ] [ 0.438500, -0.019000, -0.366400, -0.820400 ] [ 0.049500, -0.735800, -0.674400, 0.036600 ]
[ 4478 ] [ 0.438500, -0.019000, -0.366400, -0.820400 ] [ 0.049500, -0.735800, -0.674400, 0.036600 ]
[ 4587 ] [ 0.438500, -0.019000, -0.366400, -0.820400 ] [ 0.049500, -0.735800, -0.674400, 0.036600 ]
[ 4687 ] [ 0.438500, -0.019000, -0.366400, -0.820400 ] [ 0.049500, -0.735800, -0.674400, 0.036600 ]
[ 4780 ] [ 0.430800, -0.022500, -0.366200, -0.824500 ] [ 0.049400, -0.735000, -0.675300, 0.036700 ]
[ 4877 ] [ 0.430800, -0.022500, -0.366200, -0.824500 ] [ 0.049400, -0.735000, -0.675300, 0.036700 ]
[ 4978 ] [ 0.430800, -0.022500, -0.366200, -0.824500 ] [ 0.049400, -0.735000, -0.675300, 0.036700 ]
[ 5091 ] [ 0.422900, -0.026000, -0.365900, -0.828600 ] [ 0.049500, -0.734200, -0.676200, 0.036700 ]
[ 5181 ] [ 0.422900, -0.026000, -0.365900, -0.828600 ] [ 0.049500, -0.734200, -0.676200, 0.036700 ]
[ 5289 ] [ 0.422900, -0.026000, -0.365900, -0.828600 ] [ 0.049500, -0.734200, -0.676200, 0.036700 ]
[ 5381 ] [ 0.422900, -0.026000, -0.365900, -0.828600 ] [ 0.049500, -0.734200, -0.676200, 0.036700 ]
[ 5494 ] [ 0.402000, -0.034200, -0.365300, -0.838900 ] [ 0.050200, -0.732100, -0.678400, 0.037000 ]
[ 5588 ] [ 0.402000, -0.034200, -0.365300, -0.838900 ] [ 0.050200, -0.732100, -0.678400, 0.037000 ]
[ 5686 ] [ 0.402000, -0.034200, -0.365300, -0.838900 ] [ 0.050200, -0.732100, -0.678400, 0.037000 ]
[ 5787 ] [ 0.394300, -0.038400, -0.364700, -0.842600 ] [ 0.049200, -0.731300, -0.679200, 0.037000 ]
[ 5882 ] [ 0.394300, -0.038400, -0.364700, -0.842600 ] [ 0.049200, -0.731300, -0.679200, 0.037000 ]
[ 5982 ] [ 0.394300, -0.038400, -0.364700, -0.842600 ] [ 0.049200, -0.731300, -0.679200, 0.037000 ]
[ 6082 ] [ 0.394300, -0.038400, -0.364700, -0.842600 ] [ 0.049200, -0.731300, -0.679200, 0.037000 ]
[ 6177 ] [ 0.373500, -0.047700, -0.363600, -0.852100 ] [ 0.049000, -0.729900, -0.680800, 0.037100 ]
[ 6282 ] [ 0.373500, -0.047700, -0.363600, -0.852100 ] [ 0.049000, -0.729900, -0.680800, 0.037100 ]
[ 6387 ] [ 0.373500, -0.047700, -0.363600, -0.852100 ] [ 0.049000, -0.729900, -0.680800, 0.037100 ]
[ 6487 ] [ 0.365400, -0.051100, -0.363200, -0.855500 ] [ 0.049100, -0.729100, -0.681600, 0.037200 ]
[ 6586 ] [ 0.365400, -0.051100, -0.363200, -0.855500 ] [ 0.049100, -0.729100, -0.681600, 0.037200 ]
[ 6679 ] [ 0.365400, -0.051100, -0.363200, -0.855500 ] [ 0.049100, -0.729100, -0.681600, 0.037200 ]
[ 6777 ] [ 0.357300, -0.054400, -0.362800, -0.858900 ] [ 0.048900, -0.727100, -0.683700, 0.037300 ]
[ 6877 ] [ 0.357300, -0.054400, -0.362800, -0.858900 ] [ 0.048900, -0.727100, -0.683700, 0.037300 ]
[ 6979 ] [ 0.357300, -0.054400, -0.362800, -0.858900 ] [ 0.048900, -0.727100, -0.683700, 0.037300 ]
[ 7076 ] [ 0.357300, -0.054400, -0.362800, -0.858900 ] [ 0.048900, -0.727100, -0.683700, 0.037300 ]
[ 7177 ] [ 0.336000, -0.063400, -0.361500, -0.867400 ] [ 0.049000, -0.726400, -0.684600, 0.037200 ]
[ 7279 ] [ 0.336000, -0.063400, -0.361500, -0.867400 ] [ 0.049000, -0.726400, -0.684600, 0.037200 ]
[ 7383 ] [ 0.336000, -0.063400, -0.361500, -0.867400 ] [ 0.049000, -0.726400, -0.684600, 0.037200 ]
[ 7478 ] [ 0.327800, -0.066900, -0.360800, -0.870600 ] [ 0.049100, -0.725500, -0.685400, 0.037200 ]
[ 7579 ] [ 0.327800, -0.066900, -0.360800, -0.870600 ] [ 0.049100, -0.725500, -0.685400, 0.037200 ]
[ 7679 ] [ 0.327800, -0.066900, -0.360800, -0.870600 ] [ 0.049100, -0.725500, -0.685400, 0.037200 ]
[ 7780 ] [ 0.327800, -0.066900, -0.360800, -0.870600 ] [ 0.049100, -0.725500, -0.685400, 0.037200 ]
[ 7879 ] [ 0.305700, -0.074400, -0.359300, -0.878600 ] [ 0.052300, -0.723100, -0.687700, 0.037700 ]
[ 7978 ] [ 0.305700, -0.074400, -0.359300, -0.878600 ] [ 0.052300, -0.723100, -0.687700, 0.037700 ]
[ 8077 ] [ 0.305700, -0.074400, -0.359300, -0.878600 ] [ 0.052300, -0.723100, -0.687700, 0.037700 ]
[ 8194 ] [ 0.297400, -0.078700, -0.358300, -0.881500 ] [ 0.051000, -0.722800, -0.688100, 0.038500 ]
[ 8279 ] [ 0.297400, -0.078700, -0.358300, -0.881500 ] [ 0.051000, -0.722800, -0.688100, 0.038500 ]
[ 8382 ] [ 0.297400, -0.078700, -0.358300, -0.881500 ] [ 0.051000, -0.722800, -0.688100, 0.038500 ]
[ 8489 ] [ 0.289700, -0.083700, -0.357900, -0.883700 ] [ 0.016500, -0.735000, -0.675000, 0.062000 ]
[ 8578 ] [ 0.289700, -0.083700, -0.357900, -0.883700 ] [ 0.016500, -0.735000, -0.675000, 0.062000 ]
[ 8683 ] [ 0.289700, -0.083700, -0.357900, -0.883700 ] [ 0.016500, -0.735000, -0.675000, 0.062000 ]
[ 8796 ] [ 0.289700, -0.083700, -0.357900, -0.883700 ] [ 0.016500, -0.735000, -0.675000, 0.062000 ]
[ 8884 ] [ 0.311800, -0.089600, -0.355700, -0.876500 ] [ -0.278300, -0.669800, -0.455200, 0.516400 ]
[ 8980 ] [ 0.311800, -0.089600, -0.355700, -0.876500 ] [ -0.278300, -0.669800, -0.455200, 0.516400 ]
[ 9080 ] [ 0.311800, -0.089600, -0.355700, -0.876500 ] [ -0.278300, -0.669800, -0.455200, 0.516400 ]
[ 9181 ] [ 0.304000, -0.092500, -0.355600, -0.879000 ] [ -0.371000, -0.616900, -0.385700, 0.577000 ]
[ 9280 ] [ 0.304000, -0.092500, -0.355600, -0.879000 ] [ -0.371000, -0.616900, -0.385700, 0.577000 ]
[ 9377 ] [ 0.304000, -0.092500, -0.355600, -0.879000 ] [ -0.371000, -0.616900, -0.385700, 0.577000 ]
[ 9479 ] [ 0.295900, -0.096000, -0.354800, -0.881700 ] [ -0.284800, -0.701900, -0.495700, 0.424800 ]
[ 9578 ] [ 0.295900, -0.096000, -0.354800, -0.881700 ] [ -0.284800, -0.701900, -0.495700, 0.424800 ]
[ 9680 ] [ 0.295900, -0.096000, -0.354800, -0.881700 ] [ -0.284800, -0.701900, -0.495700, 0.424800 ]
[ 9778 ] [ 0.295900, -0.096000, -0.354800, -0.881700 ] [ -0.284800, -0.701900, -0.495700, 0.424800 ]
[ 9878 ] [ 0.282300, -0.091200, -0.319000, -0.900100 ] [ 0.062900, -0.839200, -0.538800, 0.039000 ]
[ 9977 ] [ 0.282300, -0.091200, -0.319000, -0.900100 ] [ 0.062900, -0.839200, -0.538800, 0.039000 ]
[ 10079 ] [ 0.282300, -0.091200, -0.319000, -0.900100 ] [ 0.062900, -0.839200, -0.538800, 0.039000 ]
[ 10177 ] [ 0.285300, -0.113400, -0.322900, -0.895300 ] [ 0.017000, -0.834300, -0.546200, 0.072600 ]
[ 10278 ] [ 0.285300, -0.113400, -0.322900, -0.895300 ] [ 0.017000, -0.834300, -0.546200, 0.072600 ]
[ 10383 ] [ 0.285300, -0.113400, -0.322900, -0.895300 ] [ 0.017000, -0.834300, -0.546200, 0.072600 ]
[ 10479 ] [ 0.285300, -0.113400, -0.322900, -0.895300 ] [ 0.017000, -0.834300, -0.546200, 0.072600 ]
[ 10577 ] [ 0.315600, -0.109100, -0.341600, -0.878500 ] [ -0.120500, -0.807500, -0.550600, 0.173800 ]
[ 10679 ] [ 0.315600, -0.109100, -0.341600, -0.878500 ] [ -0.120500, -0.807500, -0.550600, 0.173800 ]
[ 10777 ] [ 0.315600, -0.109100, -0.341600, -0.878500 ] [ -0.120500, -0.807500, -0.550600, 0.173800 ]
[ 10880 ] [ 0.373700, -0.127700, -0.329000, -0.857800 ] [ -0.712200, -0.420000, -0.189800, 0.529400 ]
[ 10978 ] [ 0.373700, -0.127700, -0.329000, -0.857800 ] [ -0.712200, -0.420000, -0.189800, 0.529400 ]
[ 11078 ] [ 0.373700, -0.127700, -0.329000, -0.857800 ] [ -0.712200, -0.420000, -0.189800, 0.529400 ]
[ 11181 ] [ 0.396400, -0.138600, -0.322600, -0.848300 ] [ -0.737000, -0.394000, -0.161000, 0.525000 ]
[ 11286 ] [ 0.396400, -0.138600, -0.322600, -0.848300 ] [ -0.737000, -0.394000, -0.161000, 0.525000 ]
[ 11380 ] [ 0.396400, -0.138600, -0.322600, -0.848300 ] [ -0.737000, -0.394000, -0.161000, 0.525000 ]
[ 11488 ] [ 0.396400, -0.138600, -0.322600, -0.848300 ] [ -0.737000, -0.394000, -0.161000, 0.525000 ]
[ 11577 ] [ 0.396400, -0.138600, -0.322600, -0.848300 ] [ -0.737000, -0.394000, -0.161000, 0.525000 ]
[ 11680 ] [ 0.384200, -0.141600, -0.328800, -0.851000 ] [ -0.757000, -0.352500, -0.130700, 0.534500 ]
[ 11778 ] [ 0.384200, -0.141600, -0.328800, -0.851000 ] [ -0.757000, -0.352500, -0.130700, 0.534500 ]
[ 11879 ] [ 0.384200, -0.141600, -0.328800, -0.851000 ] [ -0.757000, -0.352500, -0.130700, 0.534500 ]
[ 11978 ] [ 0.380500, -0.143800, -0.330400, -0.851700 ] [ -0.760900, -0.343200, -0.123400, 0.536600 ]
[ 12078 ] [ 0.380500, -0.143800, -0.330400, -0.851700 ] [ -0.760900, -0.343200, -0.123400, 0.536600 ]
[ 12176 ] [ 0.380500, -0.143800, -0.330400, -0.851700 ] [ -0.760900, -0.343200, -0.123400, 0.536600 ]
[ 12280 ] [ 0.380500, -0.143800, -0.330400, -0.851700 ] [ -0.760900, -0.343200, -0.123400, 0.536600 ]
[ 12379 ] [ 0.370900, -0.151300, -0.330000, -0.854800 ] [ -0.767100, -0.327400, -0.110900, 0.540400 ]
[ 12478 ] [ 0.370900, -0.151300, -0.330000, -0.854800 ] [ -0.767100, -0.327400, -0.110900, 0.540400 ]
[ 12577 ] [ 0.370900, -0.151300, -0.330000, -0.854800 ] [ -0.767100, -0.327400, -0.110900, 0.540400 ]
[ 12682 ] [ 0.363400, -0.152900, -0.330600, -0.857400 ] [ -0.767400, -0.328200, -0.110300, 0.539600 ]
[ 12780 ] [ 0.363400, -0.152900, -0.330600, -0.857400 ] [ -0.767400, -0.328200, -0.110300, 0.539600 ]
[ 12877 ] [ 0.363400, -0.152900, -0.330600, -0.857400 ] [ -0.767400, -0.328200, -0.110300, 0.539600 ]
[ 12977 ] [ 0.355600, -0.153400, -0.332800, -0.859800 ] [ -0.765500, -0.337100, -0.112100, 0.536400 ]
[ 13078 ] [ 0.355600, -0.153400, -0.332800, -0.859800 ] [ -0.765500, -0.337100, -0.112100, 0.536400 ]
[ 13177 ] [ 0.355600, -0.153400, -0.332800, -0.859800 ] [ -0.765500, -0.337100, -0.112100, 0.536400 ]
[ 13280 ] [ 0.355600, -0.153400, -0.332800, -0.859800 ] [ -0.765500, -0.337100, -0.112100, 0.536400 ]
[ 13378 ] [ 0.314700, -0.097500, -0.361000, -0.872400 ] [ -0.156500, -0.875100, -0.414900, 0.194000 ]
[ 13487 ] [ 0.314700, -0.097500, -0.361000, -0.872400 ] [ -0.156500, -0.875100, -0.414900, 0.194000 ]
[ 13578 ] [ 0.314700, -0.097500, -0.361000, -0.872400 ] [ -0.156500, -0.875100, -0.414900, 0.194000 ]
[ 13680 ] [ 0.301600, -0.095500, -0.357300, -0.878800 ] [ -0.077600, -0.889700, -0.442300, 0.082900 ]
[ 13779 ] [ 0.301600, -0.095500, -0.357300, -0.878800 ] [ -0.077600, -0.889700, -0.442300, 0.082900 ]
[ 13878 ] [ 0.301600, -0.095500, -0.357300, -0.878800 ] [ -0.077600, -0.889700, -0.442300, 0.082900 ]
[ 13979 ] [ 0.301600, -0.095500, -0.357300, -0.878800 ] [ -0.077600, -0.889700, -0.442300, 0.082900 ]
[ 14095 ] [ 0.292900, -0.097800, -0.357100, -0.881500 ] [ -0.019600, -0.884400, -0.463700, 0.049900 ]
[ 14179 ] [ 0.292900, -0.097800, -0.357100, -0.881500 ] [ -0.019600, -0.884400, -0.463700, 0.049900 ]
[ 14284 ] [ 0.292900, -0.097800, -0.357100, -0.881500 ] [ -0.019600, -0.884400, -0.463700, 0.049900 ]
[ 14384 ] [ 0.284000, -0.099700, -0.356600, -0.884400 ] [ -0.011800, -0.883800, -0.465700, 0.043700 ]
[ 14507 ] [ 0.284000, -0.099700, -0.356600, -0.884400 ] [ -0.011800, -0.883800, -0.465700, 0.043700 ]
[ 14590 ] [ 0.284000, -0.099700, -0.356600, -0.884400 ] [ -0.011800, -0.883800, -0.465700, 0.043700 ]
[ 14683 ] [ 0.284000, -0.099700, -0.356600, -0.884400 ] [ -0.011800, -0.883800, -0.465700, 0.043700 ]
[ 14782 ] [ 0.261100, -0.105500, -0.355400, -0.891300 ] [ 0.005000, -0.882100, -0.470000, 0.031900 ]
[ 14898 ] [ 0.261100, -0.105500, -0.355400, -0.891300 ] [ 0.005000, -0.882100, -0.470000, 0.031900 ]
[ 14980 ] [ 0.261100, -0.105500, -0.355400, -0.891300 ] [ 0.005000, -0.882100, -0.470000, 0.031900 ]
