[ 2.036 ] [ -0.611300, -0.575800, 0.505100, -0.199200 ] [ 0.014100, -0.726000, -0.038100, -0.686500 ]
[ 2.14 ] [ -0.613900, -0.568100, 0.512500, -0.194100 ] [ 0.014300, -0.725900, -0.035400, -0.686800 ]
[ 2.239 ] [ -0.615400, -0.561700, 0.519500, -0.189500 ] [ 0.013100, -0.726400, -0.031900, -0.686400 ]
[ 2.342 ] [ -0.616600, -0.555600, 0.526300, -0.184600 ] [ 0.013100, -0.727300, -0.029500, -0.685600 ]
[ 2.437 ] [ -0.621200, -0.541600, 0.540000, -0.170500 ] [ 0.007500, -0.727200, -0.023900, -0.686000 ]
[ 2.539 ] [ -0.623600, -0.534800, 0.545900, -0.164600 ] [ 0.004400, -0.726300, -0.020700, -0.687000 ]
[ 2.64 ] [ -0.625300, -0.527800, 0.551800, -0.161200 ] [ 0.003700, -0.725500, -0.017200, -0.688000 ]
[ 2.739 ] [ -0.627000, -0.520100, 0.558400, -0.156800 ] [ 0.003500, -0.725100, -0.013800, -0.688500 ]
[ 2.838 ] [ -0.627600, -0.512800, 0.565500, -0.152700 ] [ 0.002700, -0.725200, -0.009200, -0.688500 ]
[ 2.937 ] [ -0.627600, -0.512800, 0.565500, -0.152700 ] [ 0.002700, -0.725200, -0.009200, -0.688500 ]
[ 3.05 ] [ -0.629600, -0.495800, 0.580700, -0.143300 ] [ 0.002700, -0.725900, -0.001200, -0.687800 ]
[ 3.139 ] [ -0.629600, -0.495800, 0.580700, -0.143300 ] [ 0.002700, -0.725900, -0.001200, -0.687800 ]
[ 3.242 ] [ -0.631000, -0.489900, 0.585200, -0.139100 ] [ 0.001600, -0.725700, 0.001900, -0.688000 ]
[ 3.34 ] [ -0.631000, -0.489900, 0.585200, -0.139100 ] [ 0.001600, -0.725700, 0.001900, -0.688000 ]
[ 3.439 ] [ -0.633200, -0.482600, 0.590300, -0.133200 ] [ -0.000100, -0.725500, 0.005100, -0.688200 ]
[ 3.542 ] [ -0.633200, -0.482600, 0.590300, -0.133200 ] [ -0.000100, -0.725500, 0.005100, -0.688200 ]
[ 3.638 ] [ -0.633200, -0.482600, 0.590300, -0.133200 ] [ -0.000100, -0.725500, 0.005100, -0.688200 ]
[ 3.738 ] [ -0.635600, -0.475100, 0.595000, -0.127400 ] [ -0.000800, -0.725300, 0.007500, -0.688400 ]
[ 3.841 ] [ -0.635600, -0.475100, 0.595000, -0.127400 ] [ -0.000800, -0.725300, 0.007500, -0.688400 ]
[ 3.937 ] [ -0.635600, -0.475100, 0.595000, -0.127400 ] [ -0.000800, -0.725300, 0.007500, -0.688400 ]
[ 4.038 ] [ -0.638700, -0.460200, 0.605700, -0.115900 ] [ -0.002300, -0.724900, 0.011100, -0.688800 ]
[ 4.138 ] [ -0.638700, -0.460200, 0.605700, -0.115900 ] [ -0.002300, -0.724900, 0.011100, -0.688800 ]
[ 4.237 ] [ -0.638700, -0.460200, 0.605700, -0.115900 ] [ -0.002300, -0.724900, 0.011100, -0.688800 ]
[ 4.338 ] [ -0.638400, -0.456300, 0.609700, -0.111600 ] [ -0.006100, -0.724900, 0.016400, -0.688600 ]
[ 4.438 ] [ -0.638400, -0.456300, 0.609700, -0.111600 ] [ -0.006100, -0.724900, 0.016400, -0.688600 ]
[ 4.543 ] [ -0.639300, -0.453500, 0.611800, -0.106100 ] [ -0.008900, -0.724500, 0.014200, -0.689100 ]
[ 4.637 ] [ -0.639300, -0.453500, 0.611800, -0.106100 ] [ -0.008900, -0.724500, 0.014200, -0.689100 ]
[ 4.738 ] [ -0.639300, -0.453500, 0.611800, -0.106100 ] [ -0.008900, -0.724500, 0.014200, -0.689100 ]
[ 4.837 ] [ -0.641000, -0.451400, 0.612500, -0.100500 ] [ -0.007700, -0.722700, 0.013200, -0.691000 ]
[ 4.938 ] [ -0.641000, -0.451400, 0.612500, -0.100500 ] [ -0.007700, -0.722700, 0.013200, -0.691000 ]
[ 5.038 ] [ -0.641000, -0.451400, 0.612500, -0.100500 ] [ -0.007700, -0.722700, 0.013200, -0.691000 ]
[ 5.138 ] [ -0.642600, -0.447200, 0.613900, -0.101300 ] [ -0.004400, -0.721500, 0.013800, -0.692300 ]
[ 5.238 ] [ -0.642600, -0.447200, 0.613900, -0.101300 ] [ -0.004400, -0.721500, 0.013800, -0.692300 ]
[ 5.337 ] [ -0.642600, -0.447200, 0.613900, -0.101300 ] [ -0.004400, -0.721500, 0.013800, -0.692300 ]
[ 5.438 ] [ -0.647100, -0.429900, 0.623900, -0.085200 ] [ -0.013700, -0.718400, 0.022900, -0.695200 ]
[ 5.537 ] [ -0.647100, -0.429900, 0.623900, -0.085200 ] [ -0.013700, -0.718400, 0.022900, -0.695200 ]
[ 5.638 ] [ -0.647100, -0.429900, 0.623900, -0.085200 ] [ -0.013700, -0.718400, 0.022900, -0.695200 ]
[ 5.738 ] [ -0.647700, -0.425100, 0.627000, -0.081700 ] [ -0.012500, -0.719000, 0.024700, -0.694500 ]
[ 5.839 ] [ -0.647700, -0.425100, 0.627000, -0.081700 ] [ -0.012500, -0.719000, 0.024700, -0.694500 ]
[ 5.937 ] [ -0.646500, -0.412400, 0.637000, -0.078800 ] [ -0.007600, -0.719500, 0.028100, -0.693900 ]
[ 6.041 ] [ -0.646500, -0.412400, 0.637000, -0.078800 ] [ -0.007600, -0.719500, 0.028100, -0.693900 ]
[ 6.137 ] [ -0.646500, -0.412400, 0.637000, -0.078800 ] [ -0.007600, -0.719500, 0.028100, -0.693900 ]
[ 6.238 ] [ -0.647500, -0.408300, 0.639400, -0.072800 ] [ -0.011800, -0.718900, 0.033200, -0.694200 ]
[ 6.338 ] [ -0.647500, -0.408300, 0.639400, -0.072800 ] [ -0.011800, -0.718900, 0.033200, -0.694200 ]
[ 6.439 ] [ -0.647500, -0.408300, 0.639400, -0.072800 ] [ -0.011800, -0.718900, 0.033200, -0.694200 ]
[ 6.539 ] [ -0.648200, -0.401900, 0.643200, -0.067100 ] [ -0.011200, -0.718200, 0.034100, -0.694900 ]
[ 6.638 ] [ -0.648200, -0.401900, 0.643200, -0.067100 ] [ -0.011200, -0.718200, 0.034100, -0.694900 ]
[ 6.739 ] [ -0.648400, -0.396400, 0.647000, -0.062200 ] [ -0.014400, -0.718200, 0.036700, -0.694700 ]
[ 6.839 ] [ -0.648400, -0.396400, 0.647000, -0.062200 ] [ -0.014400, -0.718200, 0.036700, -0.694700 ]
[ 6.939 ] [ -0.648400, -0.396400, 0.647000, -0.062200 ] [ -0.014400, -0.718200, 0.036700, -0.694700 ]
[ 7.041 ] [ -0.648000, -0.391000, 0.651100, -0.057100 ] [ -0.029100, -0.721400, 0.061800, -0.689100 ]
[ 7.139 ] [ -0.648000, -0.391000, 0.651100, -0.057100 ] [ -0.029100, -0.721400, 0.061800, -0.689100 ]
[ 7.238 ] [ -0.648000, -0.391000, 0.651100, -0.057100 ] [ -0.029100, -0.721400, 0.061800, -0.689100 ]
[ 7.339 ] [ -0.619600, -0.385700, 0.680100, -0.069100 ] [ -0.052400, -0.726600, 0.097200, -0.678100 ]
[ 7.439 ] [ -0.619600, -0.385700, 0.680100, -0.069100 ] [ -0.052400, -0.726600, 0.097200, -0.678100 ]
[ 7.544 ] [ -0.619600, -0.385700, 0.680100, -0.069100 ] [ -0.052400, -0.726600, 0.097200, -0.678100 ]
[ 7.639 ] [ -0.594700, -0.385500, 0.701600, -0.073900 ] [ -0.066400, -0.757500, 0.132400, -0.635800 ]
[ 7.738 ] [ -0.594700, -0.385500, 0.701600, -0.073900 ] [ -0.066400, -0.757500, 0.132400, -0.635800 ]
[ 7.841 ] [ -0.594700, -0.385500, 0.701600, -0.073900 ] [ -0.066400, -0.757500, 0.132400, -0.635800 ]
[ 7.938 ] [ -0.571700, -0.385300, 0.719200, -0.086800 ] [ -0.052800, -0.771200, 0.139400, -0.618900 ]
[ 8.039 ] [ -0.571700, -0.385300, 0.719200, -0.086800 ] [ -0.052800, -0.771200, 0.139400, -0.618900 ]
[ 8.138 ] [ -0.540700, -0.375900, 0.744300, -0.110900 ] [ -0.033400, -0.782500, 0.143100, -0.605100 ]
[ 8.238 ] [ -0.540700, -0.375900, 0.744300, -0.110900 ] [ -0.033400, -0.782500, 0.143100, -0.605100 ]
[ 8.339 ] [ -0.540700, -0.375900, 0.744300, -0.110900 ] [ -0.033400, -0.782500, 0.143100, -0.605100 ]
[ 8.438 ] [ -0.524000, -0.372300, 0.756100, -0.122800 ] [ -0.029600, -0.792200, 0.153000, -0.590000 ]
[ 8.542 ] [ -0.524000, -0.372300, 0.756100, -0.122800 ] [ -0.029600, -0.792200, 0.153000, -0.590000 ]
[ 8.638 ] [ -0.507200, -0.372300, 0.763300, -0.146500 ] [ -0.019100, -0.803500, 0.157300, -0.573800 ]
[ 8.739 ] [ -0.507200, -0.372300, 0.763300, -0.146500 ] [ -0.019100, -0.803500, 0.157300, -0.573800 ]
[ 8.84 ] [ -0.507200, -0.372300, 0.763300, -0.146500 ] [ -0.019100, -0.803500, 0.157300, -0.573800 ]
[ 8.938 ] [ -0.507200, -0.372300, 0.763300, -0.146500 ] [ -0.019100, -0.803500, 0.157300, -0.573800 ]
[ 9.039 ] [ -0.486300, -0.371000, 0.769100, -0.185500 ] [ 0.037300, -0.832600, 0.170300, -0.525600 ]
[ 9.139 ] [ -0.486300, -0.371000, 0.769100, -0.185500 ] [ 0.037300, -0.832600, 0.170300, -0.525600 ]
[ 9.239 ] [ -0.464900, -0.364100, 0.779300, -0.209600 ] [ 0.042900, -0.845900, 0.193900, -0.495000 ]
[ 9.339 ] [ -0.464900, -0.364100, 0.779300, -0.209600 ] [ 0.042900, -0.845900, 0.193900, -0.495000 ]
[ 9.439 ] [ -0.464900, -0.364100, 0.779300, -0.209600 ] [ 0.042900, -0.845900, 0.193900, -0.495000 ]
[ 9.538 ] [ -0.392800, -0.338500, 0.806400, -0.284400 ] [ 0.039400, -0.860000, 0.214000, -0.461600 ]
[ 9.638 ] [ -0.392800, -0.338500, 0.806400, -0.284400 ] [ 0.039400, -0.860000, 0.214000, -0.461600 ]
[ 9.739 ] [ -0.392800, -0.338500, 0.806400, -0.284400 ] [ 0.039400, -0.860000, 0.214000, -0.461600 ]
[ 9.84 ] [ -0.372800, -0.326500, 0.816400, -0.296600 ] [ 0.048800, -0.870400, 0.226400, -0.434600 ]
[ 9.938 ] [ -0.372800, -0.326500, 0.816400, -0.296600 ] [ 0.048800, -0.870400, 0.226400, -0.434600 ]
[ 10.039 ] [ -0.353000, -0.314700, 0.825800, -0.307100 ] [ 0.048700, -0.877100, 0.242000, -0.412000 ]
[ 10.139 ] [ -0.353000, -0.314700, 0.825800, -0.307100 ] [ 0.048700, -0.877100, 0.242000, -0.412000 ]
[ 10.239 ] [ -0.353000, -0.314700, 0.825800, -0.307100 ] [ 0.048700, -0.877100, 0.242000, -0.412000 ]
[ 10.345 ] [ -0.323700, -0.301500, 0.839900, -0.314500 ] [ 0.045000, -0.894400, 0.292100, -0.335600 ]
[ 10.439 ] [ -0.323700, -0.301500, 0.839900, -0.314500 ] [ 0.045000, -0.894400, 0.292100, -0.335600 ]
[ 10.544 ] [ -0.323700, -0.301500, 0.839900, -0.314500 ] [ 0.045000, -0.894400, 0.292100, -0.335600 ]
[ 10.642 ] [ -0.294400, -0.283800, 0.854500, -0.320300 ] [ 0.034700, -0.901400, 0.305200, -0.305200 ]
[ 10.738 ] [ -0.294400, -0.283800, 0.854500, -0.320300 ] [ 0.034700, -0.901400, 0.305200, -0.305200 ]
[ 10.839 ] [ -0.294400, -0.283800, 0.854500, -0.320300 ] [ 0.034700, -0.901400, 0.305200, -0.305200 ]
[ 10.939 ] [ -0.232100, -0.266300, 0.883100, -0.308900 ] [ 0.007500, -0.908100, 0.313900, -0.277000 ]
[ 11.043 ] [ -0.232100, -0.266300, 0.883100, -0.308900 ] [ 0.007500, -0.908100, 0.313900, -0.277000 ]
[ 11.141 ] [ -0.217200, -0.264600, 0.887200, -0.309500 ] [ -0.010400, -0.912100, 0.322600, -0.252600 ]
[ 11.238 ] [ -0.217200, -0.264600, 0.887200, -0.309500 ] [ -0.010400, -0.912100, 0.322600, -0.252600 ]
[ 11.338 ] [ -0.217200, -0.264600, 0.887200, -0.309500 ] [ -0.010400, -0.912100, 0.322600, -0.252600 ]
[ 11.439 ] [ -0.209400, -0.259700, 0.890000, -0.310900 ] [ -0.013100, -0.913700, 0.327800, -0.240000 ]
[ 11.539 ] [ -0.209400, -0.259700, 0.890000, -0.310900 ] [ -0.013100, -0.913700, 0.327800, -0.240000 ]
[ 11.638 ] [ -0.209400, -0.259700, 0.890000, -0.310900 ] [ -0.013100, -0.913700, 0.327800, -0.240000 ]
[ 11.739 ] [ -0.202700, -0.257300, 0.890000, -0.317300 ] [ -0.002800, -0.913900, 0.342800, -0.217500 ]
[ 11.841 ] [ -0.202700, -0.257300, 0.890000, -0.317300 ] [ -0.002800, -0.913900, 0.342800, -0.217500 ]
[ 11.942 ] [ -0.191100, -0.252900, 0.890300, -0.326800 ] [ 0.006000, -0.918500, 0.342800, -0.197000 ]
[ 12.039 ] [ -0.191100, -0.252900, 0.890300, -0.326800 ] [ 0.006000, -0.918500, 0.342800, -0.197000 ]
[ 12.14 ] [ -0.191100, -0.252900, 0.890300, -0.326800 ] [ 0.006000, -0.918500, 0.342800, -0.197000 ]
[ 12.24 ] [ -0.125400, -0.245800, 0.898400, -0.341700 ] [ 0.015400, -0.923200, 0.343200, -0.172100 ]
[ 12.339 ] [ -0.125400, -0.245800, 0.898400, -0.341700 ] [ 0.015400, -0.923200, 0.343200, -0.172100 ]
[ 12.438 ] [ -0.125400, -0.245800, 0.898400, -0.341700 ] [ 0.015400, -0.923200, 0.343200, -0.172100 ]
[ 12.539 ] [ -0.096400, -0.239100, 0.902700, -0.344500 ] [ 0.030900, -0.927900, 0.350400, -0.123700 ]
[ 12.639 ] [ -0.096400, -0.239100, 0.902700, -0.344500 ] [ 0.030900, -0.927900, 0.350400, -0.123700 ]
[ 12.738 ] [ -0.096400, -0.239100, 0.902700, -0.344500 ] [ 0.030900, -0.927900, 0.350400, -0.123700 ]
[ 12.84 ] [ -0.064400, -0.230300, 0.909600, -0.339800 ] [ 0.039900, -0.928600, 0.357100, -0.092900 ]
[ 12.938 ] [ -0.064400, -0.230300, 0.909600, -0.339800 ] [ 0.039900, -0.928600, 0.357100, -0.092900 ]
[ 13.04 ] [ -0.033600, -0.222500, 0.914400, -0.336600 ] [ 0.057100, -0.928100, 0.362100, -0.065800 ]
[ 13.14 ] [ -0.033600, -0.222500, 0.914400, -0.336600 ] [ 0.057100, -0.928100, 0.362100, -0.065800 ]
[ 13.24 ] [ -0.033600, -0.222500, 0.914400, -0.336600 ] [ 0.057100, -0.928100, 0.362100, -0.065800 ]
[ 13.34 ] [ -0.006500, -0.218400, 0.914400, -0.340700 ] [ 0.070600, -0.928300, 0.362700, -0.041900 ]
[ 13.438 ] [ -0.006500, -0.218400, 0.914400, -0.340700 ] [ 0.070600, -0.928300, 0.362700, -0.041900 ]
[ 13.544 ] [ -0.006500, -0.218400, 0.914400, -0.340700 ] [ 0.070600, -0.928300, 0.362700, -0.041900 ]
[ 13.639 ] [ 0.076600, -0.210900, 0.914000, -0.338100 ] [ 0.073400, -0.929000, 0.362400, -0.014100 ]
[ 13.738 ] [ 0.076600, -0.210900, 0.914000, -0.338100 ] [ 0.073400, -0.929000, 0.362400, -0.014100 ]
[ 13.841 ] [ 0.076600, -0.210900, 0.914000, -0.338100 ] [ 0.073400, -0.929000, 0.362400, -0.014100 ]
[ 13.939 ] [ 0.119900, -0.202000, 0.907100, -0.349300 ] [ 0.104700, -0.916200, 0.378600, 0.079100 ]
[ 14.04 ] [ 0.119900, -0.202000, 0.907100, -0.349300 ] [ 0.104700, -0.916200, 0.378600, 0.079100 ]
[ 14.14 ] [ 0.162800, -0.188000, 0.900900, -0.355700 ] [ 0.121800, -0.902500, 0.393900, 0.124700 ]
[ 14.239 ] [ 0.162800, -0.188000, 0.900900, -0.355700 ] [ 0.121800, -0.902500, 0.393900, 0.124700 ]
[ 14.339 ] [ 0.162800, -0.188000, 0.900900, -0.355700 ] [ 0.121800, -0.902500, 0.393900, 0.124700 ]
[ 14.439 ] [ 0.202600, -0.170400, 0.896100, -0.356200 ] [ 0.138900, -0.888100, 0.405200, 0.166500 ]
[ 14.539 ] [ 0.202600, -0.170400, 0.896100, -0.356200 ] [ 0.138900, -0.888100, 0.405200, 0.166500 ]
[ 14.638 ] [ 0.240000, -0.155000, 0.890000, -0.355300 ] [ 0.150300, -0.874400, 0.412200, 0.207100 ]
[ 14.738 ] [ 0.240000, -0.155000, 0.890000, -0.355300 ] [ 0.150300, -0.874400, 0.412200, 0.207100 ]
[ 14.84 ] [ 0.240000, -0.155000, 0.890000, -0.355300 ] [ 0.150300, -0.874400, 0.412200, 0.207100 ]
[ 14.939 ] [ 0.332000, -0.117300, 0.877300, -0.326300 ] [ 0.164000, -0.858400, 0.418900, 0.246400 ]
[ 15.038 ] [ 0.332000, -0.117300, 0.877300, -0.326300 ] [ 0.164000, -0.858400, 0.418900, 0.246400 ]
[ 15.141 ] [ 0.332000, -0.117300, 0.877300, -0.326300 ] [ 0.164000, -0.858400, 0.418900, 0.246400 ]
[ 15.24 ] [ 0.362800, -0.100500, 0.876100, -0.301100 ] [ 0.167700, -0.806300, 0.446400, 0.350000 ]
[ 15.338 ] [ 0.362800, -0.100500, 0.876100, -0.301100 ] [ 0.167700, -0.806300, 0.446400, 0.350000 ]
[ 15.438 ] [ 0.362800, -0.100500, 0.876100, -0.301100 ] [ 0.167700, -0.806300, 0.446400, 0.350000 ]
[ 15.538 ] [ 0.392400, -0.082300, 0.872400, -0.279600 ] [ 0.170300, -0.784800, 0.453300, 0.386800 ]
[ 15.638 ] [ 0.392400, -0.082300, 0.872400, -0.279600 ] [ 0.170300, -0.784800, 0.453300, 0.386800 ]
[ 15.744 ] [ 0.419800, -0.065100, 0.865600, -0.265200 ] [ 0.175100, -0.765000, 0.460800, 0.414400 ]
[ 15.839 ] [ 0.419800, -0.065100, 0.865600, -0.265200 ] [ 0.175100, -0.765000, 0.460800, 0.414400 ]
[ 15.939 ] [ 0.419800, -0.065100, 0.865600, -0.265200 ] [ 0.175100, -0.765000, 0.460800, 0.414400 ]
[ 16.039 ] [ 0.439100, -0.050800, 0.859600, -0.256300 ] [ 0.179200, -0.746800, 0.467800, 0.437500 ]
[ 16.141 ] [ 0.439100, -0.050800, 0.859600, -0.256300 ] [ 0.179200, -0.746800, 0.467800, 0.437500 ]
[ 16.238 ] [ 0.439100, -0.050800, 0.859600, -0.256300 ] [ 0.179200, -0.746800, 0.467800, 0.437500 ]
[ 16.339 ] [ 0.489600, -0.015700, 0.838700, -0.238100 ] [ 0.190300, -0.728900, 0.472900, 0.457100 ]
[ 16.439 ] [ 0.489600, -0.015700, 0.838700, -0.238100 ] [ 0.190300, -0.728900, 0.472900, 0.457100 ]
[ 16.542 ] [ 0.489600, -0.015700, 0.838700, -0.238100 ] [ 0.190300, -0.728900, 0.472900, 0.457100 ]
[ 16.638 ] [ 0.510500, -0.003100, 0.826900, -0.235800 ] [ 0.203900, -0.671100, 0.489700, 0.518000 ]
[ 16.737 ] [ 0.510500, -0.003100, 0.826900, -0.235800 ] [ 0.203900, -0.671100, 0.489700, 0.518000 ]
[ 16.839 ] [ 0.510500, -0.003100, 0.826900, -0.235800 ] [ 0.203900, -0.671100, 0.489700, 0.518000 ]
[ 16.939 ] [ 0.545700, 0.011000, 0.804600, -0.233900 ] [ 0.215700, -0.645500, 0.493900, 0.541100 ]
[ 17.04 ] [ 0.545700, 0.011000, 0.804600, -0.233900 ] [ 0.215700, -0.645500, 0.493900, 0.541100 ]
[ 17.14 ] [ 0.561000, 0.017400, 0.795100, -0.229800 ] [ 0.225800, -0.618700, 0.501900, 0.560600 ]
[ 17.238 ] [ 0.561000, 0.017400, 0.795100, -0.229800 ] [ 0.225800, -0.618700, 0.501900, 0.560600 ]
[ 17.339 ] [ 0.561000, 0.017400, 0.795100, -0.229800 ] [ 0.225800, -0.618700, 0.501900, 0.560600 ]
[ 17.439 ] [ 0.575700, 0.024200, 0.786700, -0.221300 ] [ 0.227800, -0.592900, 0.509800, 0.580200 ]
[ 17.538 ] [ 0.575700, 0.024200, 0.786700, -0.221300 ] [ 0.227800, -0.592900, 0.509800, 0.580200 ]
[ 17.639 ] [ 0.583000, 0.023400, 0.782600, -0.216800 ] [ 0.226100, -0.573600, 0.512800, 0.597500 ]
[ 17.739 ] [ 0.583000, 0.023400, 0.782600, -0.216800 ] [ 0.226100, -0.573600, 0.512800, 0.597500 ]
[ 17.839 ] [ 0.583000, 0.023400, 0.782600, -0.216800 ] [ 0.226100, -0.573600, 0.512800, 0.597500 ]
[ 17.939 ] [ 0.586900, 0.022000, 0.780700, -0.213700 ] [ 0.219200, -0.556300, 0.514800, 0.614400 ]
[ 18.039 ] [ 0.586900, 0.022000, 0.780700, -0.213700 ] [ 0.219200, -0.556300, 0.514800, 0.614400 ]
[ 18.139 ] [ 0.586900, 0.022000, 0.780700, -0.213700 ] [ 0.219200, -0.556300, 0.514800, 0.614400 ]
[ 18.239 ] [ 0.598400, 0.011300, 0.774400, -0.205200 ] [ 0.216000, -0.557400, 0.512300, 0.616600 ]
[ 18.339 ] [ 0.598400, 0.011300, 0.774400, -0.205200 ] [ 0.216000, -0.557400, 0.512300, 0.616600 ]
[ 18.438 ] [ 0.598400, 0.011300, 0.774400, -0.205200 ] [ 0.216000, -0.557400, 0.512300, 0.616600 ]
[ 18.539 ] [ 0.597900, -0.001900, 0.775000, -0.204600 ] [ 0.215000, -0.559600, 0.509400, 0.617400 ]
[ 18.638 ] [ 0.597900, -0.001900, 0.775000, -0.204600 ] [ 0.215000, -0.559600, 0.509400, 0.617400 ]
[ 18.738 ] [ 0.593200, -0.042000, 0.776100, -0.210000 ] [ 0.210500, -0.573000, 0.500200, 0.614100 ]
[ 18.839 ] [ 0.593200, -0.042000, 0.776100, -0.210000 ] [ 0.210500, -0.573000, 0.500200, 0.614100 ]
[ 18.938 ] [ 0.593200, -0.042000, 0.776100, -0.210000 ] [ 0.210500, -0.573000, 0.500200, 0.614100 ]
[ 19.04 ] [ 0.577400, -0.100400, 0.777300, -0.228600 ] [ 0.203700, -0.619000, 0.470000, 0.595400 ]
[ 19.141 ] [ 0.577400, -0.100400, 0.777300, -0.228600 ] [ 0.203700, -0.619000, 0.470000, 0.595400 ]
[ 19.238 ] [ 0.577400, -0.100400, 0.777300, -0.228600 ] [ 0.203700, -0.619000, 0.470000, 0.595400 ]
[ 19.34 ] [ 0.577400, -0.100400, 0.777300, -0.228600 ] [ 0.203700, -0.619000, 0.470000, 0.595400 ]
[ 19.438 ] [ 0.526900, -0.194400, 0.784700, -0.262400 ] [ 0.189000, -0.765900, 0.391200, 0.474000 ]
[ 19.544 ] [ 0.526900, -0.194400, 0.784700, -0.262400 ] [ 0.189000, -0.765900, 0.391200, 0.474000 ]
[ 19.639 ] [ 0.488200, -0.252900, 0.789700, -0.272300 ] [ 0.166500, -0.812600, 0.369800, 0.418700 ]
[ 19.738 ] [ 0.488200, -0.252900, 0.789700, -0.272300 ] [ 0.166500, -0.812600, 0.369800, 0.418700 ]
[ 19.838 ] [ 0.449300, -0.303200, 0.789800, -0.286900 ] [ 0.149400, -0.851200, 0.350000, 0.361400 ]
[ 19.938 ] [ 0.449300, -0.303200, 0.789800, -0.286900 ] [ 0.149400, -0.851200, 0.350000, 0.361400 ]
[ 20.039 ] [ 0.449300, -0.303200, 0.789800, -0.286900 ] [ 0.149400, -0.851200, 0.350000, 0.361400 ]
[ 20.14 ] [ 0.411900, -0.345000, 0.785400, -0.307300 ] [ 0.143500, -0.878800, 0.338700, 0.304100 ]
[ 20.238 ] [ 0.411900, -0.345000, 0.785400, -0.307300 ] [ 0.143500, -0.878800, 0.338700, 0.304100 ]
[ 20.339 ] [ 0.411900, -0.345000, 0.785400, -0.307300 ] [ 0.143500, -0.878800, 0.338700, 0.304100 ]
[ 20.438 ] [ 0.369100, -0.380300, 0.777900, -0.337600 ] [ 0.149100, -0.902600, 0.328800, 0.234600 ]
[ 20.538 ] [ 0.369100, -0.380300, 0.777900, -0.337600 ] [ 0.149100, -0.902600, 0.328800, 0.234600 ]
[ 20.638 ] [ 0.369100, -0.380300, 0.777900, -0.337600 ] [ 0.149100, -0.902600, 0.328800, 0.234600 ]
[ 20.74 ] [ 0.234000, -0.470700, 0.741300, -0.417300 ] [ 0.143900, -0.942900, 0.299000, 0.028500 ]
[ 20.839 ] [ 0.234000, -0.470700, 0.741300, -0.417300 ] [ 0.143900, -0.942900, 0.299000, 0.028500 ]
[ 20.938 ] [ 0.187500, -0.499600, 0.724100, -0.436800 ] [ 0.143700, -0.946800, 0.285000, -0.040800 ]
[ 21.04 ] [ 0.187500, -0.499600, 0.724100, -0.436800 ] [ 0.143700, -0.946800, 0.285000, -0.040800 ]
[ 21.141 ] [ 0.187500, -0.499600, 0.724100, -0.436800 ] [ 0.143700, -0.946800, 0.285000, -0.040800 ]
[ 21.239 ] [ 0.143600, -0.527800, 0.700900, -0.457800 ] [ 0.147400, -0.945500, 0.270100, -0.106500 ]
[ 21.339 ] [ 0.143600, -0.527800, 0.700900, -0.457800 ] [ 0.147400, -0.945500, 0.270100, -0.106500 ]
[ 21.439 ] [ 0.143600, -0.527800, 0.700900, -0.457800 ] [ 0.147400, -0.945500, 0.270100, -0.106500 ]
[ 21.539 ] [ 0.097400, -0.556500, 0.673900, -0.476100 ] [ 0.153700, -0.939700, 0.249200, -0.176700 ]
[ 21.639 ] [ 0.097400, -0.556500, 0.673900, -0.476100 ] [ 0.153700, -0.939700, 0.249200, -0.176700 ]
[ 21.738 ] [ 0.044400, -0.582100, 0.645000, -0.493100 ] [ 0.156900, -0.926800, 0.232700, -0.249400 ]
[ 21.839 ] [ 0.044400, -0.582100, 0.645000, -0.493100 ] [ 0.156900, -0.926800, 0.232700, -0.249400 ]
[ 21.939 ] [ 0.044400, -0.582100, 0.645000, -0.493100 ] [ 0.156900, -0.926800, 0.232700, -0.249400 ]
[ 22.039 ] [ 0.044400, -0.582100, 0.645000, -0.493100 ] [ 0.156900, -0.926800, 0.232700, -0.249400 ]
[ 22.141 ] [ -0.125000, -0.618200, 0.560700, -0.536400 ] [ 0.155800, -0.863400, 0.190100, -0.440600 ]
[ 22.239 ] [ -0.125000, -0.618200, 0.560700, -0.536400 ] [ 0.155800, -0.863400, 0.190100, -0.440600 ]
[ 22.339 ] [ -0.176700, -0.622000, 0.543800, -0.535000 ] [ 0.146500, -0.842700, 0.187900, -0.482800 ]
[ 22.439 ] [ -0.176700, -0.622000, 0.543800, -0.535000 ] [ 0.146500, -0.842700, 0.187900, -0.482800 ]
[ 22.544 ] [ -0.176700, -0.622000, 0.543800, -0.535000 ] [ 0.146500, -0.842700, 0.187900, -0.482800 ]
[ 22.639 ] [ -0.267200, -0.614000, 0.524600, -0.525700 ] [ 0.139700, -0.822300, 0.187400, -0.518800 ]
[ 22.739 ] [ -0.267200, -0.614000, 0.524600, -0.525700 ] [ 0.139700, -0.822300, 0.187400, -0.518800 ]
[ 22.838 ] [ -0.267200, -0.614000, 0.524600, -0.525700 ] [ 0.139700, -0.822300, 0.187400, -0.518800 ]
[ 22.94 ] [ -0.318600, -0.607900, 0.515900, -0.512700 ] [ 0.127900, -0.800500, 0.186100, -0.555200 ]
[ 23.04 ] [ -0.318600, -0.607900, 0.515900, -0.512700 ] [ 0.127900, -0.800500, 0.186100, -0.555200 ]
[ 23.141 ] [ -0.370900, -0.597500, 0.508900, -0.496400 ] [ 0.110000, -0.778700, 0.186200, -0.589000 ]
[ 23.239 ] [ -0.370900, -0.597500, 0.508900, -0.496400 ] [ 0.110000, -0.778700, 0.186200, -0.589000 ]
[ 23.339 ] [ -0.370900, -0.597500, 0.508900, -0.496400 ] [ 0.110000, -0.778700, 0.186200, -0.589000 ]
[ 23.438 ] [ -0.426300, -0.580300, 0.506000, -0.474900 ] [ 0.030200, -0.722200, 0.215800, -0.656500 ]
[ 23.538 ] [ -0.426300, -0.580300, 0.506000, -0.474900 ] [ 0.030200, -0.722200, 0.215800, -0.656500 ]
[ 23.639 ] [ -0.426300, -0.580300, 0.506000, -0.474900 ] [ 0.030200, -0.722200, 0.215800, -0.656500 ]
[ 23.739 ] [ -0.450000, -0.568600, 0.513900, -0.458400 ] [ 0.009700, -0.719500, 0.221700, -0.658100 ]
[ 23.838 ] [ -0.450000, -0.568600, 0.513900, -0.458400 ] [ 0.009700, -0.719500, 0.221700, -0.658100 ]
[ 23.939 ] [ -0.450000, -0.568600, 0.513900, -0.458400 ] [ 0.009700, -0.719500, 0.221700, -0.658100 ]
[ 24.039 ] [ -0.458100, -0.567200, 0.514000, -0.458300 ] [ -0.015100, -0.714700, 0.239800, -0.656900 ]
[ 24.14 ] [ -0.458100, -0.567200, 0.514000, -0.458300 ] [ -0.015100, -0.714700, 0.239800, -0.656900 ]
[ 24.238 ] [ -0.458100, -0.567200, 0.514000, -0.458300 ] [ -0.015100, -0.714700, 0.239800, -0.656900 ]
[ 24.339 ] [ -0.466400, -0.561300, 0.526800, -0.435700 ] [ -0.028000, -0.708100, 0.257500, -0.656900 ]
[ 24.437 ] [ -0.466400, -0.561300, 0.526800, -0.435700 ] [ -0.028000, -0.708100, 0.257500, -0.656900 ]
[ 24.538 ] [ -0.465700, -0.558000, 0.528700, -0.438500 ] [ -0.035900, -0.706200, 0.259500, -0.657800 ]
[ 24.639 ] [ -0.465700, -0.558000, 0.528700, -0.438500 ] [ -0.035900, -0.706200, 0.259500, -0.657800 ]
[ 24.738 ] [ -0.465700, -0.558000, 0.528700, -0.438500 ] [ -0.035900, -0.706200, 0.259500, -0.657800 ]
[ 24.838 ] [ -0.469300, -0.548300, 0.544900, -0.426800 ] [ -0.061700, -0.705100, 0.275700, -0.650400 ]
[ 24.938 ] [ -0.469300, -0.548300, 0.544900, -0.426800 ] [ -0.061700, -0.705100, 0.275700, -0.650400 ]
[ 25.039 ] [ -0.457100, -0.552000, 0.542500, -0.438300 ] [ -0.039300, -0.715800, 0.265300, -0.644700 ]
[ 25.14 ] [ -0.457100, -0.552000, 0.542500, -0.438300 ] [ -0.039300, -0.715800, 0.265300, -0.644700 ]
[ 25.238 ] [ -0.457100, -0.552000, 0.542500, -0.438300 ] [ -0.039300, -0.715800, 0.265300, -0.644700 ]
[ 25.339 ] [ -0.455900, -0.550400, 0.542300, -0.441800 ] [ -0.043100, -0.716800, 0.267400, -0.642500 ]
[ 25.438 ] [ -0.455900, -0.550400, 0.542300, -0.441800 ] [ -0.043100, -0.716800, 0.267400, -0.642500 ]
[ 25.543 ] [ -0.455900, -0.550400, 0.542300, -0.441800 ] [ -0.043100, -0.716800, 0.267400, -0.642500 ]
[ 25.638 ] [ -0.442200, -0.567800, 0.539400, -0.437200 ] [ -0.011900, -0.727600, 0.209400, -0.653200 ]
[ 25.737 ] [ -0.442200, -0.567800, 0.539400, -0.437200 ] [ -0.011900, -0.727600, 0.209400, -0.653200 ]
[ 25.839 ] [ -0.442200, -0.567800, 0.539400, -0.437200 ] [ -0.011900, -0.727600, 0.209400, -0.653200 ]
[ 25.939 ] [ -0.458100, -0.563700, 0.535300, -0.431100 ] [ -0.001900, -0.722100, 0.201100, -0.661900 ]
[ 26.041 ] [ -0.458100, -0.563700, 0.535300, -0.431100 ] [ -0.001900, -0.722100, 0.201100, -0.661900 ]
[ 26.141 ] [ -0.452200, -0.557400, 0.527500, -0.454500 ] [ 0.010700, -0.722300, 0.193300, -0.663900 ]
[ 26.239 ] [ -0.452200, -0.557400, 0.527500, -0.454500 ] [ 0.010700, -0.722300, 0.193300, -0.663900 ]
[ 26.338 ] [ -0.452200, -0.557400, 0.527500, -0.454500 ] [ 0.010700, -0.722300, 0.193300, -0.663900 ]
[ 26.438 ] [ -0.430400, -0.549800, 0.516700, -0.495500 ] [ 0.037300, -0.724700, 0.179700, -0.664200 ]
[ 26.539 ] [ -0.430400, -0.549800, 0.516700, -0.495500 ] [ 0.037300, -0.724700, 0.179700, -0.664200 ]
[ 26.647 ] [ -0.404600, -0.548700, 0.522500, -0.512000 ] [ 0.085600, -0.724700, 0.184800, -0.658300 ]
[ 26.738 ] [ -0.404600, -0.548700, 0.522500, -0.512000 ] [ 0.085600, -0.724700, 0.184800, -0.658300 ]
[ 26.838 ] [ -0.404600, -0.548700, 0.522500, -0.512000 ] [ 0.085600, -0.724700, 0.184800, -0.658300 ]
[ 26.939 ] [ -0.404600, -0.548700, 0.522500, -0.512000 ] [ 0.085600, -0.724700, 0.184800, -0.658300 ]
[ 27.04 ] [ -0.326600, -0.597600, 0.491200, -0.543100 ] [ 0.148800, -0.745300, 0.110800, -0.640400 ]
[ 27.14 ] [ -0.326600, -0.597600, 0.491200, -0.543100 ] [ 0.148800, -0.745300, 0.110800, -0.640400 ]
[ 27.238 ] [ -0.337800, -0.628800, 0.459700, -0.528300 ] [ 0.127500, -0.741300, 0.081400, -0.653900 ]
[ 27.339 ] [ -0.337800, -0.628800, 0.459700, -0.528300 ] [ 0.127500, -0.741300, 0.081400, -0.653900 ]
[ 27.439 ] [ -0.337800, -0.628800, 0.459700, -0.528300 ] [ 0.127500, -0.741300, 0.081400, -0.653900 ]
[ 27.538 ] [ -0.331100, -0.638200, 0.435200, -0.541900 ] [ 0.121900, -0.737900, 0.084400, -0.658400 ]
[ 27.638 ] [ -0.331100, -0.638200, 0.435200, -0.541900 ] [ 0.121900, -0.737900, 0.084400, -0.658400 ]
[ 27.737 ] [ -0.331100, -0.638200, 0.435200, -0.541900 ] [ 0.121900, -0.737900, 0.084400, -0.658400 ]
[ 27.84 ] [ -0.309300, -0.631500, 0.423300, -0.571300 ] [ 0.145000, -0.735700, 0.082400, -0.656500 ]
[ 27.938 ] [ -0.309300, -0.631500, 0.423300, -0.571300 ] [ 0.145000, -0.735700, 0.082400, -0.656500 ]
[ 28.04 ] [ -0.307000, -0.623000, 0.408900, -0.592000 ] [ 0.186600, -0.729500, 0.068900, -0.654500 ]
[ 28.139 ] [ -0.307000, -0.623000, 0.408900, -0.592000 ] [ 0.186600, -0.729500, 0.068900, -0.654500 ]
[ 28.238 ] [ -0.307000, -0.623000, 0.408900, -0.592000 ] [ 0.186600, -0.729500, 0.068900, -0.654500 ]
[ 28.34 ] [ -0.329000, -0.622100, 0.388100, -0.595200 ] [ 0.225600, -0.695700, -0.003100, -0.681900 ]
[ 28.438 ] [ -0.329000, -0.622100, 0.388100, -0.595200 ] [ 0.225600, -0.695700, -0.003100, -0.681900 ]
[ 28.543 ] [ -0.329000, -0.622100, 0.388100, -0.595200 ] [ 0.225600, -0.695700, -0.003100, -0.681900 ]
[ 28.639 ] [ -0.339800, -0.636700, 0.348700, -0.597900 ] [ 0.188600, -0.706500, 0.029200, -0.681500 ]
[ 28.738 ] [ -0.339800, -0.636700, 0.348700, -0.597900 ] [ 0.188600, -0.706500, 0.029200, -0.681500 ]
[ 28.838 ] [ -0.339800, -0.636700, 0.348700, -0.597900 ] [ 0.188600, -0.706500, 0.029200, -0.681500 ]
[ 28.939 ] [ -0.383700, -0.644700, 0.398800, -0.527300 ] [ 0.118400, -0.711800, 0.071800, -0.688700 ]
[ 29.039 ] [ -0.383700, -0.644700, 0.398800, -0.527300 ] [ 0.118400, -0.711800, 0.071800, -0.688700 ]
[ 29.139 ] [ -0.383700, -0.644700, 0.398800, -0.527300 ] [ 0.118400, -0.711800, 0.071800, -0.688700 ]
[ 29.239 ] [ -0.360100, -0.663400, 0.391500, -0.526200 ] [ 0.039700, -0.727800, 0.119100, -0.674200 ]
[ 29.338 ] [ -0.360100, -0.663400, 0.391500, -0.526200 ] [ 0.039700, -0.727800, 0.119100, -0.674200 ]
[ 29.439 ] [ -0.338100, -0.676200, 0.363400, -0.544400 ] [ 0.061200, -0.743500, 0.085600, -0.660400 ]
[ 29.538 ] [ -0.338100, -0.676200, 0.363400, -0.544400 ] [ 0.061200, -0.743500, 0.085600, -0.660400 ]
[ 29.639 ] [ -0.338100, -0.676200, 0.363400, -0.544400 ] [ 0.061200, -0.743500, 0.085600, -0.660400 ]
[ 29.739 ] [ -0.331200, -0.683600, 0.344600, -0.551500 ] [ 0.128700, -0.738300, -0.012200, -0.661900 ]
[ 29.838 ] [ -0.331200, -0.683600, 0.344600, -0.551500 ] [ 0.128700, -0.738300, -0.012200, -0.661900 ]
[ 29.938 ] [ -0.331200, -0.683600, 0.344600, -0.551500 ] [ 0.128700, -0.738300, -0.012200, -0.661900 ]
[ 30.039 ] [ -0.335800, -0.683600, 0.346400, -0.547700 ] [ 0.125300, -0.738300, -0.008700, -0.662600 ]
[ 30.141 ] [ -0.335800, -0.683600, 0.346400, -0.547700 ] [ 0.125300, -0.738300, -0.008700, -0.662600 ]
[ 30.238 ] [ -0.346800, -0.679600, 0.356100, -0.539500 ] [ 0.124700, -0.739700, 0.008400, -0.661200 ]
[ 30.338 ] [ -0.346800, -0.679600, 0.356100, -0.539500 ] [ 0.124700, -0.739700, 0.008400, -0.661200 ]
[ 30.438 ] [ -0.346800, -0.679600, 0.356100, -0.539500 ] [ 0.124700, -0.739700, 0.008400, -0.661200 ]
[ 30.539 ] [ -0.338300, -0.658300, 0.394700, -0.544400 ] [ 0.185400, -0.734400, 0.040400, -0.651700 ]
[ 30.638 ] [ -0.338300, -0.658300, 0.394700, -0.544400 ] [ 0.185400, -0.734400, 0.040400, -0.651700 ]
[ 30.738 ] [ -0.316800, -0.621100, 0.438300, -0.567200 ] [ 0.244700, -0.726800, 0.076000, -0.637300 ]
[ 30.839 ] [ -0.316800, -0.621100, 0.438300, -0.567200 ] [ 0.244700, -0.726800, 0.076000, -0.637300 ]
[ 30.939 ] [ -0.316800, -0.621100, 0.438300, -0.567200 ] [ 0.244700, -0.726800, 0.076000, -0.637300 ]
[ 31.038 ] [ -0.316800, -0.621100, 0.438300, -0.567200 ] [ 0.244700, -0.726800, 0.076000, -0.637300 ]
[ 31.141 ] [ -0.277500, -0.534100, 0.554600, -0.574600 ] [ 0.297800, -0.724100, 0.207400, -0.586400 ]
[ 31.239 ] [ -0.277500, -0.534100, 0.554600, -0.574600 ] [ 0.297800, -0.724100, 0.207400, -0.586400 ]
[ 31.339 ] [ -0.247400, -0.505500, 0.584000, -0.585000 ] [ 0.317700, -0.715900, 0.247700, -0.570300 ]
[ 31.438 ] [ -0.247400, -0.505500, 0.584000, -0.585000 ] [ 0.317700, -0.715900, 0.247700, -0.570300 ]
[ 31.544 ] [ -0.247400, -0.505500, 0.584000, -0.585000 ] [ 0.317700, -0.715900, 0.247700, -0.570300 ]
[ 31.638 ] [ -0.221000, -0.471300, 0.613500, -0.593800 ] [ 0.334200, -0.706100, 0.292900, -0.551300 ]
[ 31.739 ] [ -0.221000, -0.471300, 0.613500, -0.593800 ] [ 0.334200, -0.706100, 0.292900, -0.551300 ]
[ 31.838 ] [ -0.221000, -0.471300, 0.613500, -0.593800 ] [ 0.334200, -0.706100, 0.292900, -0.551300 ]
[ 31.939 ] [ -0.195600, -0.435900, 0.640700, -0.601000 ] [ 0.352100, -0.694800, 0.333500, -0.531100 ]
[ 32.04 ] [ -0.195600, -0.435900, 0.640700, -0.601000 ] [ 0.352100, -0.694800, 0.333500, -0.531100 ]
[ 32.139 ] [ -0.162700, -0.402600, 0.666600, -0.605800 ] [ 0.373500, -0.682400, 0.374200, -0.504800 ]
[ 32.239 ] [ -0.162700, -0.402600, 0.666600, -0.605800 ] [ 0.373500, -0.682400, 0.374200, -0.504800 ]
[ 32.339 ] [ -0.162700, -0.402600, 0.666600, -0.605800 ] [ 0.373500, -0.682400, 0.374200, -0.504800 ]
[ 32.438 ] [ -0.162700, -0.402600, 0.666600, -0.605800 ] [ 0.373500, -0.682400, 0.374200, -0.504800 ]
[ 32.538 ] [ -0.056200, -0.300200, 0.744100, -0.594100 ] [ 0.397200, -0.666200, 0.415800, -0.474800 ]
[ 32.639 ] [ -0.056200, -0.300200, 0.744100, -0.594100 ] [ 0.397200, -0.666200, 0.415800, -0.474800 ]
[ 32.738 ] [ -0.022800, -0.267500, 0.771600, -0.576700 ] [ 0.441700, -0.617300, 0.528700, -0.379900 ]
[ 32.839 ] [ -0.022800, -0.267500, 0.771600, -0.576700 ] [ 0.441700, -0.617300, 0.528700, -0.379900 ]
[ 32.938 ] [ -0.022800, -0.267500, 0.771600, -0.576700 ] [ 0.441700, -0.617300, 0.528700, -0.379900 ]
[ 33.04 ] [ 0.017900, -0.240600, 0.786600, -0.568400 ] [ 0.461300, -0.597100, 0.554200, -0.351500 ]
[ 33.139 ] [ 0.017900, -0.240600, 0.786600, -0.568400 ] [ 0.461300, -0.597100, 0.554200, -0.351500 ]
[ 33.238 ] [ 0.017900, -0.240600, 0.786600, -0.568400 ] [ 0.461300, -0.597100, 0.554200, -0.351500 ]
[ 33.339 ] [ 0.089000, -0.212200, 0.817700, -0.527700 ] [ 0.469600, -0.584600, 0.580500, -0.317500 ]
[ 33.438 ] [ 0.089000, -0.212200, 0.817700, -0.527700 ] [ 0.469600, -0.584600, 0.580500, -0.317500 ]
[ 33.538 ] [ 0.130000, -0.198700, 0.831000, -0.503000 ] [ 0.475700, -0.575700, 0.603900, -0.278700 ]
[ 33.638 ] [ 0.130000, -0.198700, 0.831000, -0.503000 ] [ 0.475700, -0.575700, 0.603900, -0.278700 ]
[ 33.739 ] [ 0.130000, -0.198700, 0.831000, -0.503000 ] [ 0.475700, -0.575700, 0.603900, -0.278700 ]
[ 33.839 ] [ 0.168500, -0.184400, 0.842000, -0.478100 ] [ 0.489800, -0.557600, 0.623200, -0.246600 ]
[ 33.938 ] [ 0.168500, -0.184400, 0.842000, -0.478100 ] [ 0.489800, -0.557600, 0.623200, -0.246600 ]
[ 34.038 ] [ 0.168500, -0.184400, 0.842000, -0.478100 ] [ 0.489800, -0.557600, 0.623200, -0.246600 ]
[ 34.14 ] [ 0.204100, -0.176700, 0.853900, -0.444900 ] [ 0.506300, -0.515800, 0.672100, -0.160500 ]
[ 34.238 ] [ 0.204100, -0.176700, 0.853900, -0.444900 ] [ 0.506300, -0.515800, 0.672100, -0.160500 ]
[ 34.34 ] [ 0.240100, -0.167300, 0.861200, -0.415600 ] [ 0.515800, -0.492600, 0.688900, -0.129300 ]
[ 34.439 ] [ 0.240100, -0.167300, 0.861200, -0.415600 ] [ 0.515800, -0.492600, 0.688900, -0.129300 ]
[ 34.546 ] [ 0.240100, -0.167300, 0.861200, -0.415600 ] [ 0.515800, -0.492600, 0.688900, -0.129300 ]
[ 34.638 ] [ 0.240100, -0.167300, 0.861200, -0.415600 ] [ 0.515800, -0.492600, 0.688900, -0.129300 ]
[ 34.738 ] [ 0.353400, -0.137400, 0.866100, -0.325700 ] [ 0.536200, -0.442500, 0.717200, -0.049600 ]
[ 34.839 ] [ 0.353400, -0.137400, 0.866100, -0.325700 ] [ 0.536200, -0.442500, 0.717200, -0.049600 ]
[ 34.938 ] [ 0.405300, -0.141500, 0.861700, -0.270400 ] [ 0.529000, -0.434900, 0.728500, 0.020800 ]
[ 35.039 ] [ 0.405300, -0.141500, 0.861700, -0.270400 ] [ 0.529000, -0.434900, 0.728500, 0.020800 ]
[ 35.139 ] [ 0.405300, -0.141500, 0.861700, -0.270400 ] [ 0.529000, -0.434900, 0.728500, 0.020800 ]
[ 35.239 ] [ 0.449200, -0.144500, 0.849800, -0.235000 ] [ 0.535100, -0.418600, 0.730900, 0.065800 ]
[ 35.338 ] [ 0.449200, -0.144500, 0.849800, -0.235000 ] [ 0.535100, -0.418600, 0.730900, 0.065800 ]
[ 35.44 ] [ 0.485400, -0.154400, 0.835100, -0.207800 ] [ 0.543100, -0.409800, 0.725900, 0.101500 ]
[ 35.538 ] [ 0.485400, -0.154400, 0.835100, -0.207800 ] [ 0.543100, -0.409800, 0.725900, 0.101500 ]
[ 35.639 ] [ 0.485400, -0.154400, 0.835100, -0.207800 ] [ 0.543100, -0.409800, 0.725900, 0.101500 ]
[ 35.739 ] [ 0.517100, -0.165200, 0.817200, -0.193600 ] [ 0.561400, -0.400600, 0.714100, 0.119600 ]
[ 35.839 ] [ 0.517100, -0.165200, 0.817200, -0.193600 ] [ 0.561400, -0.400600, 0.714100, 0.119600 ]
[ 35.938 ] [ 0.517100, -0.165200, 0.817200, -0.193600 ] [ 0.561400, -0.400600, 0.714100, 0.119600 ]
[ 36.039 ] [ 0.585300, -0.185700, 0.776200, -0.143300 ] [ 0.583900, -0.373000, 0.697300, 0.183700 ]
[ 36.138 ] [ 0.585300, -0.185700, 0.776200, -0.143300 ] [ 0.583900, -0.373000, 0.697300, 0.183700 ]
[ 36.239 ] [ 0.585300, -0.185700, 0.776200, -0.143300 ] [ 0.583900, -0.373000, 0.697300, 0.183700 ]
[ 36.339 ] [ 0.591800, -0.192900, 0.770000, -0.140400 ] [ 0.585600, -0.373500, 0.694800, 0.186600 ]
[ 36.438 ] [ 0.591800, -0.192900, 0.770000, -0.140400 ] [ 0.585600, -0.373500, 0.694800, 0.186600 ]
[ 36.54 ] [ 0.600500, -0.197500, 0.763200, -0.133700 ] [ 0.587200, -0.370500, 0.693100, 0.193700 ]
[ 36.638 ] [ 0.600500, -0.197500, 0.763200, -0.133700 ] [ 0.587200, -0.370500, 0.693100, 0.193700 ]
[ 36.739 ] [ 0.600500, -0.197500, 0.763200, -0.133700 ] [ 0.587200, -0.370500, 0.693100, 0.193700 ]
[ 36.839 ] [ 0.610000, -0.203300, 0.756000, -0.122500 ] [ 0.587000, -0.366900, 0.692000, 0.204900 ]
[ 36.939 ] [ 0.610000, -0.203300, 0.756000, -0.122500 ] [ 0.587000, -0.366900, 0.692000, 0.204900 ]
[ 37.04 ] [ 0.617200, -0.211200, 0.749600, -0.112000 ] [ 0.585600, -0.366800, 0.690500, 0.213800 ]
[ 37.138 ] [ 0.617200, -0.211200, 0.749600, -0.112000 ] [ 0.585600, -0.366800, 0.690500, 0.213800 ]
[ 37.239 ] [ 0.617200, -0.211200, 0.749600, -0.112000 ] [ 0.585600, -0.366800, 0.690500, 0.213800 ]
[ 37.339 ] [ 0.617200, -0.211200, 0.749600, -0.112000 ] [ 0.585600, -0.366800, 0.690500, 0.213800 ]
[ 37.439 ] [ 0.621000, -0.218300, 0.745500, -0.105100 ] [ 0.583200, -0.369300, 0.689000, 0.221000 ]
[ 37.544 ] [ 0.621000, -0.218300, 0.745500, -0.105100 ] [ 0.583200, -0.369300, 0.689000, 0.221000 ]
[ 37.64 ] [ 0.521200, -0.295700, 0.779800, -0.181100 ] [ 0.514600, -0.483100, 0.699100, 0.114400 ]
[ 37.738 ] [ 0.521200, -0.295700, 0.779800, -0.181100 ] [ 0.514600, -0.483100, 0.699100, 0.114400 ]
[ 37.839 ] [ 0.521200, -0.295700, 0.779800, -0.181100 ] [ 0.514600, -0.483100, 0.699100, 0.114400 ]
[ 37.939 ] [ 0.439500, -0.332700, 0.794400, -0.255200 ] [ 0.476700, -0.540700, 0.693100, 0.007500 ]
[ 38.038 ] [ 0.439500, -0.332700, 0.794400, -0.255200 ] [ 0.476700, -0.540700, 0.693100, 0.007500 ]
[ 38.138 ] [ 0.439500, -0.332700, 0.794400, -0.255200 ] [ 0.476700, -0.540700, 0.693100, 0.007500 ]
[ 38.24 ] [ 0.312200, -0.388900, 0.778600, -0.381000 ] [ 0.441500, -0.580700, 0.677900, -0.091400 ]
[ 38.34 ] [ 0.312200, -0.388900, 0.778600, -0.381000 ] [ 0.441500, -0.580700, 0.677900, -0.091400 ]
[ 38.439 ] [ 0.239400, -0.420900, 0.750400, -0.450000 ] [ 0.412400, -0.604600, 0.653200, -0.194500 ]
[ 38.538 ] [ 0.239400, -0.420900, 0.750400, -0.450000 ] [ 0.412400, -0.604600, 0.653200, -0.194500 ]
[ 38.639 ] [ 0.239400, -0.420900, 0.750400, -0.450000 ] [ 0.412400, -0.604600, 0.653200, -0.194500 ]
[ 38.739 ] [ 0.185300, -0.462400, 0.702200, -0.508600 ] [ 0.389200, -0.623400, 0.612100, -0.291700 ]
[ 38.838 ] [ 0.185300, -0.462400, 0.702200, -0.508600 ] [ 0.389200, -0.623400, 0.612100, -0.291700 ]
[ 38.938 ] [ 0.185300, -0.462400, 0.702200, -0.508600 ] [ 0.389200, -0.623400, 0.612100, -0.291700 ]
[ 39.039 ] [ 0.141800, -0.511600, 0.647500, -0.546700 ] [ 0.328800, -0.675700, 0.482800, -0.449800 ]
[ 39.139 ] [ 0.141800, -0.511600, 0.647500, -0.546700 ] [ 0.328800, -0.675700, 0.482800, -0.449800 ]
[ 39.239 ] [ 0.102900, -0.554200, 0.591700, -0.576300 ] [ 0.284900, -0.695300, 0.444100, -0.488000 ]
[ 39.338 ] [ 0.102900, -0.554200, 0.591700, -0.576300 ] [ 0.284900, -0.695300, 0.444100, -0.488000 ]
[ 39.439 ] [ 0.102900, -0.554200, 0.591700, -0.576300 ] [ 0.284900, -0.695300, 0.444100, -0.488000 ]
[ 39.538 ] [ -0.020700, -0.648500, 0.437900, -0.622400 ] [ 0.254300, -0.704900, 0.383000, -0.540100 ]
[ 39.639 ] [ -0.020700, -0.648500, 0.437900, -0.622400 ] [ 0.254300, -0.704900, 0.383000, -0.540100 ]
[ 39.739 ] [ -0.020700, -0.648500, 0.437900, -0.622400 ] [ 0.254300, -0.704900, 0.383000, -0.540100 ]
[ 39.839 ] [ -0.081400, -0.683200, 0.359100, -0.630600 ] [ 0.220500, -0.713400, 0.297800, -0.594700 ]
[ 39.938 ] [ -0.081400, -0.683200, 0.359100, -0.630600 ] [ 0.220500, -0.713400, 0.297800, -0.594700 ]
[ 40.04 ] [ -0.169000, -0.711200, 0.278900, -0.622700 ] [ 0.153500, -0.721400, 0.242300, -0.630400 ]
[ 40.138 ] [ -0.169000, -0.711200, 0.278900, -0.622700 ] [ 0.153500, -0.721400, 0.242300, -0.630400 ]
[ 40.239 ] [ -0.169000, -0.711200, 0.278900, -0.622700 ] [ 0.153500, -0.721400, 0.242300, -0.630400 ]
[ 40.34 ] [ -0.247500, -0.728100, 0.197200, -0.608100 ] [ 0.024800, -0.718900, 0.081700, -0.689900 ]
[ 40.439 ] [ -0.247500, -0.728100, 0.197200, -0.608100 ] [ 0.024800, -0.718900, 0.081700, -0.689900 ]
[ 40.548 ] [ -0.247500, -0.728100, 0.197200, -0.608100 ] [ 0.024800, -0.718900, 0.081700, -0.689900 ]
[ 40.638 ] [ -0.276000, -0.748200, 0.149400, -0.584600 ] [ -0.022900, -0.727900, 0.097800, -0.678300 ]
[ 40.739 ] [ -0.276000, -0.748200, 0.149400, -0.584600 ] [ -0.022900, -0.727900, 0.097800, -0.678300 ]
[ 40.838 ] [ -0.276000, -0.748200, 0.149400, -0.584600 ] [ -0.022900, -0.727900, 0.097800, -0.678300 ]
[ 40.939 ] [ -0.296400, -0.765900, 0.183200, -0.540400 ] [ -0.026400, -0.733000, 0.101500, -0.672100 ]
[ 41.039 ] [ -0.296400, -0.765900, 0.183200, -0.540400 ] [ -0.026400, -0.733000, 0.101500, -0.672100 ]
[ 41.138 ] [ -0.296400, -0.765900, 0.183200, -0.540400 ] [ -0.026400, -0.733000, 0.101500, -0.672100 ]
[ 41.239 ] [ -0.307300, -0.761300, 0.199500, -0.535000 ] [ -0.027600, -0.728500, 0.118800, -0.674100 ]
[ 41.339 ] [ -0.307300, -0.761300, 0.199500, -0.535000 ] [ -0.027600, -0.728500, 0.118800, -0.674100 ]
[ 41.439 ] [ -0.303500, -0.761900, 0.204200, -0.534500 ] [ -0.018300, -0.727200, 0.121000, -0.675500 ]
[ 41.539 ] [ -0.303500, -0.761900, 0.204200, -0.534500 ] [ -0.018300, -0.727200, 0.121000, -0.675500 ]
[ 41.638 ] [ -0.303500, -0.761900, 0.204200, -0.534500 ] [ -0.018300, -0.727200, 0.121000, -0.675500 ]
[ 41.739 ] [ -0.300000, -0.751100, 0.223500, -0.544000 ] [ 0.012100, -0.721000, 0.135100, -0.679600 ]
[ 41.839 ] [ -0.300000, -0.751100, 0.223500, -0.544000 ] [ 0.012100, -0.721000, 0.135100, -0.679600 ]
[ 41.94 ] [ -0.300000, -0.751100, 0.223500, -0.544000 ] [ 0.012100, -0.721000, 0.135100, -0.679600 ]
[ 42.04 ] [ -0.301600, -0.738200, 0.246000, -0.551000 ] [ -0.008300, -0.712900, 0.168900, -0.680500 ]
[ 42.138 ] [ -0.301600, -0.738200, 0.246000, -0.551000 ] [ -0.008300, -0.712900, 0.168900, -0.680500 ]
[ 42.239 ] [ -0.305900, -0.729200, 0.256400, -0.555900 ] [ -0.027200, -0.710200, 0.185400, -0.678600 ]
[ 42.338 ] [ -0.305900, -0.729200, 0.256400, -0.555900 ] [ -0.027200, -0.710200, 0.185400, -0.678600 ]
[ 42.439 ] [ -0.305900, -0.729200, 0.256400, -0.555900 ] [ -0.027200, -0.710200, 0.185400, -0.678600 ]
[ 42.539 ] [ -0.306900, -0.728500, 0.259600, -0.554800 ] [ -0.029400, -0.709200, 0.190300, -0.678200 ]
[ 42.638 ] [ -0.306900, -0.728500, 0.259600, -0.554800 ] [ -0.029400, -0.709200, 0.190300, -0.678200 ]
[ 42.738 ] [ -0.306900, -0.728500, 0.259600, -0.554800 ] [ -0.029400, -0.709200, 0.190300, -0.678200 ]
[ 42.838 ] [ -0.315300, -0.727800, 0.266800, -0.547500 ] [ -0.037600, -0.709000, 0.194400, -0.676900 ]
[ 42.939 ] [ -0.315300, -0.727800, 0.266800, -0.547500 ] [ -0.037600, -0.709000, 0.194400, -0.676900 ]
[ 43.038 ] [ -0.315300, -0.727800, 0.266800, -0.547500 ] [ -0.037600, -0.709000, 0.194400, -0.676900 ]
[ 43.14 ] [ -0.266500, -0.746900, 0.226000, -0.565700 ] [ 0.234200, -0.707600, 0.290400, -0.600100 ]
[ 43.238 ] [ -0.266500, -0.746900, 0.226000, -0.565700 ] [ 0.234200, -0.707600, 0.290400, -0.600100 ]
[ 43.339 ] [ -0.266500, -0.746900, 0.226000, -0.565700 ] [ 0.234200, -0.707600, 0.290400, -0.600100 ]
[ 43.439 ] [ -0.241000, -0.747800, 0.233800, -0.572800 ] [ 0.351500, -0.650100, 0.444600, -0.506100 ]
[ 43.55 ] [ -0.241000, -0.747800, 0.233800, -0.572800 ] [ 0.351500, -0.650100, 0.444600, -0.506100 ]
[ 43.638 ] [ -0.223800, -0.746700, 0.255000, -0.572100 ] [ 0.442500, -0.554800, 0.572500, -0.410700 ]
[ 43.739 ] [ -0.223800, -0.746700, 0.255000, -0.572100 ] [ 0.442500, -0.554800, 0.572500, -0.410700 ]
[ 43.838 ] [ -0.223800, -0.746700, 0.255000, -0.572100 ] [ 0.442500, -0.554800, 0.572500, -0.410700 ]
[ 43.938 ] [ -0.207900, -0.743000, 0.288400, -0.567100 ] [ 0.510900, -0.447200, 0.645600, -0.349600 ]
[ 44.039 ] [ -0.207900, -0.743000, 0.288400, -0.567100 ] [ 0.510900, -0.447200, 0.645600, -0.349600 ]
[ 44.14 ] [ -0.175800, -0.751500, 0.302800, -0.559200 ] [ 0.536700, -0.365400, 0.711000, -0.270000 ]
[ 44.238 ] [ -0.175800, -0.751500, 0.302800, -0.559200 ] [ 0.536700, -0.365400, 0.711000, -0.270000 ]
[ 44.34 ] [ -0.175800, -0.751500, 0.302800, -0.559200 ] [ 0.536700, -0.365400, 0.711000, -0.270000 ]
[ 44.438 ] [ -0.175800, -0.751500, 0.302800, -0.559200 ] [ 0.536700, -0.365400, 0.711000, -0.270000 ]
[ 44.539 ] [ -0.228100, -0.740600, 0.291700, -0.560700 ] [ 0.462100, -0.501100, 0.600400, -0.418200 ]
[ 44.638 ] [ -0.228100, -0.740600, 0.291700, -0.560700 ] [ 0.462100, -0.501100, 0.600400, -0.418200 ]
[ 44.738 ] [ -0.262000, -0.727800, 0.296700, -0.560000 ] [ 0.364700, -0.615100, 0.444000, -0.539900 ]
[ 44.839 ] [ -0.262000, -0.727800, 0.296700, -0.560000 ] [ 0.364700, -0.615100, 0.444000, -0.539900 ]
[ 44.938 ] [ -0.262000, -0.727800, 0.296700, -0.560000 ] [ 0.364700, -0.615100, 0.444000, -0.539900 ]
[ 45.039 ] [ -0.282300, -0.725700, 0.294400, -0.554100 ] [ 0.273400, -0.674000, 0.337400, -0.597600 ]
[ 45.139 ] [ -0.282300, -0.725700, 0.294400, -0.554100 ] [ 0.273400, -0.674000, 0.337400, -0.597600 ]
[ 45.238 ] [ -0.293800, -0.725200, 0.296100, -0.547800 ] [ 0.188300, -0.709500, 0.277200, -0.619900 ]
[ 45.339 ] [ -0.293800, -0.725200, 0.296100, -0.547800 ] [ 0.188300, -0.709500, 0.277200, -0.619900 ]
[ 45.438 ] [ -0.293800, -0.725200, 0.296100, -0.547800 ] [ 0.188300, -0.709500, 0.277200, -0.619900 ]
[ 45.539 ] [ -0.300700, -0.731800, 0.291700, -0.537600 ] [ 0.097700, -0.721300, 0.253500, -0.637100 ]
[ 45.639 ] [ -0.300700, -0.731800, 0.291700, -0.537600 ] [ 0.097700, -0.721300, 0.253500, -0.637100 ]
[ 45.739 ] [ -0.300700, -0.731800, 0.291700, -0.537600 ] [ 0.097700, -0.721300, 0.253500, -0.637100 ]
[ 45.839 ] [ -0.308200, -0.729400, 0.290300, -0.537300 ] [ 0.057900, -0.726700, 0.205400, -0.653000 ]
[ 45.939 ] [ -0.308200, -0.729400, 0.290300, -0.537300 ] [ 0.057900, -0.726700, 0.205400, -0.653000 ]
[ 46.038 ] [ -0.308200, -0.729400, 0.290300, -0.537300 ] [ 0.057900, -0.726700, 0.205400, -0.653000 ]
[ 46.14 ] [ -0.287800, -0.723000, 0.287500, -0.558400 ] [ 0.287400, -0.656800, 0.372500, -0.589300 ]
[ 46.239 ] [ -0.287800, -0.723000, 0.287500, -0.558400 ] [ 0.287400, -0.656800, 0.372500, -0.589300 ]
[ 46.34 ] [ -0.273000, -0.726300, 0.293900, -0.558200 ] [ 0.389200, -0.556100, 0.539300, -0.498500 ]
[ 46.438 ] [ -0.273000, -0.726300, 0.293900, -0.558200 ] [ 0.389200, -0.556100, 0.539300, -0.498500 ]
[ 46.543 ] [ -0.273000, -0.726300, 0.293900, -0.558200 ] [ 0.389200, -0.556100, 0.539300, -0.498500 ]
[ 46.638 ] [ -0.256000, -0.735200, 0.306800, -0.547600 ] [ 0.432900, -0.463800, 0.629400, -0.448700 ]
[ 46.739 ] [ -0.256000, -0.735200, 0.306800, -0.547600 ] [ 0.432900, -0.463800, 0.629400, -0.448700 ]
[ 46.839 ] [ -0.256000, -0.735200, 0.306800, -0.547600 ] [ 0.432900, -0.463800, 0.629400, -0.448700 ]
[ 46.939 ] [ -0.256000, -0.737600, 0.305900, -0.544800 ] [ 0.452200, -0.420500, 0.677300, -0.399800 ]
[ 47.04 ] [ -0.256000, -0.737600, 0.305900, -0.544800 ] [ 0.452200, -0.420500, 0.677300, -0.399800 ]
[ 47.138 ] [ -0.278700, -0.735100, 0.298200, -0.541300 ] [ 0.440600, -0.439900, 0.663200, -0.415400 ]
[ 47.238 ] [ -0.278700, -0.735100, 0.298200, -0.541300 ] [ 0.440600, -0.439900, 0.663200, -0.415400 ]
[ 47.34 ] [ -0.278700, -0.735100, 0.298200, -0.541300 ] [ 0.440600, -0.439900, 0.663200, -0.415400 ]
[ 47.438 ] [ -0.312200, -0.721000, 0.301500, -0.540100 ] [ 0.127600, -0.699800, 0.340600, -0.614800 ]
[ 47.539 ] [ -0.312200, -0.721000, 0.301500, -0.540100 ] [ 0.127600, -0.699800, 0.340600, -0.614800 ]
[ 47.638 ] [ -0.312200, -0.721000, 0.301500, -0.540100 ] [ 0.127600, -0.699800, 0.340600, -0.614800 ]
[ 47.739 ] [ -0.340200, -0.722400, 0.295800, -0.524400 ] [ 0.020000, -0.718500, 0.248900, -0.649100 ]
[ 47.84 ] [ -0.340200, -0.722400, 0.295800, -0.524400 ] [ 0.020000, -0.718500, 0.248900, -0.649100 ]
[ 47.938 ] [ -0.340200, -0.722400, 0.295800, -0.524400 ] [ 0.020000, -0.718500, 0.248900, -0.649100 ]
[ 48.04 ] [ -0.368900, -0.741100, 0.285800, -0.482700 ] [ -0.011700, -0.713200, 0.244700, -0.656800 ]
[ 48.139 ] [ -0.368900, -0.741100, 0.285800, -0.482700 ] [ -0.011700, -0.713200, 0.244700, -0.656800 ]
[ 48.238 ] [ -0.368900, -0.741100, 0.285800, -0.482700 ] [ -0.011700, -0.713200, 0.244700, -0.656800 ]
[ 48.34 ] [ -0.371900, -0.733200, 0.296300, -0.486100 ] [ -0.002300, -0.710200, 0.248400, -0.658700 ]
[ 48.438 ] [ -0.371900, -0.733200, 0.296300, -0.486100 ] [ -0.002300, -0.710200, 0.248400, -0.658700 ]
[ 48.539 ] [ -0.368400, -0.727000, 0.276500, -0.509300 ] [ 0.154500, -0.686300, 0.329600, -0.629700 ]
[ 48.638 ] [ -0.368400, -0.727000, 0.276500, -0.509300 ] [ 0.154500, -0.686300, 0.329600, -0.629700 ]
[ 48.739 ] [ -0.368400, -0.727000, 0.276500, -0.509300 ] [ 0.154500, -0.686300, 0.329600, -0.629700 ]
[ 48.838 ] [ -0.331600, -0.727700, 0.266500, -0.538000 ] [ 0.362000, -0.587200, 0.470900, -0.549900 ]
[ 48.938 ] [ -0.331600, -0.727700, 0.266500, -0.538000 ] [ 0.362000, -0.587200, 0.470900, -0.549900 ]
[ 49.039 ] [ -0.331600, -0.727700, 0.266500, -0.538000 ] [ 0.362000, -0.587200, 0.470900, -0.549900 ]
[ 49.139 ] [ -0.300400, -0.736500, 0.302900, -0.524900 ] [ 0.410800, -0.467100, 0.627200, -0.468700 ]
[ 49.239 ] [ -0.300400, -0.736500, 0.302900, -0.524900 ] [ 0.410800, -0.467100, 0.627200, -0.468700 ]
[ 49.341 ] [ -0.300400, -0.736500, 0.302900, -0.524900 ] [ 0.410800, -0.467100, 0.627200, -0.468700 ]
[ 49.438 ] [ -0.305000, -0.724700, 0.319700, -0.528800 ] [ 0.426700, -0.419600, 0.662400, -0.450700 ]
[ 49.543 ] [ -0.305000, -0.724700, 0.319700, -0.528800 ] [ 0.426700, -0.419600, 0.662400, -0.450700 ]
[ 49.64 ] [ -0.297900, -0.723500, 0.314900, -0.537300 ] [ 0.460500, -0.475800, 0.621000, -0.419400 ]
[ 49.738 ] [ -0.297900, -0.723500, 0.314900, -0.537300 ] [ 0.460500, -0.475800, 0.621000, -0.419400 ]
[ 49.838 ] [ -0.297900, -0.723500, 0.314900, -0.537300 ] [ 0.460500, -0.475800, 0.621000, -0.419400 ]
[ 49.939 ] [ -0.242100, -0.743900, 0.302900, -0.544300 ] [ 0.512200, -0.582200, 0.512900, -0.368200 ]
[ 50.038 ] [ -0.242100, -0.743900, 0.302900, -0.544300 ] [ 0.512200, -0.582200, 0.512900, -0.368200 ]
[ 50.14 ] [ -0.169900, -0.767700, 0.280800, -0.550400 ] [ 0.584100, -0.632300, 0.371100, -0.348200 ]
[ 50.238 ] [ -0.169900, -0.767700, 0.280800, -0.550400 ] [ 0.584100, -0.632300, 0.371100, -0.348200 ]
[ 50.339 ] [ -0.169900, -0.767700, 0.280800, -0.550400 ] [ 0.584100, -0.632300, 0.371100, -0.348200 ]
[ 50.439 ] [ -0.125600, -0.783500, 0.256000, -0.552100 ] [ 0.652300, -0.652900, 0.216400, -0.318500 ]
[ 50.539 ] [ -0.125600, -0.783500, 0.256000, -0.552100 ] [ 0.652300, -0.652900, 0.216400, -0.318500 ]
[ 50.638 ] [ -0.125600, -0.783500, 0.256000, -0.552100 ] [ 0.652300, -0.652900, 0.216400, -0.318500 ]
[ 50.74 ] [ -0.081200, -0.798500, 0.214200, -0.556800 ] [ 0.669400, -0.652800, 0.175700, -0.308000 ]
[ 50.838 ] [ -0.081200, -0.798500, 0.214200, -0.556800 ] [ 0.669400, -0.652800, 0.175700, -0.308000 ]
[ 50.938 ] [ -0.081200, -0.798500, 0.214200, -0.556800 ] [ 0.669400, -0.652800, 0.175700, -0.308000 ]
[ 51.04 ] [ -0.085300, -0.798400, 0.210800, -0.557600 ] [ 0.676100, -0.651200, 0.161900, -0.304400 ]
[ 51.139 ] [ -0.085300, -0.798400, 0.210800, -0.557600 ] [ 0.676100, -0.651200, 0.161900, -0.304400 ]
[ 51.239 ] [ -0.085300, -0.798400, 0.210800, -0.557600 ] [ 0.676100, -0.651200, 0.161900, -0.304400 ]
[ 51.339 ] [ -0.093100, -0.797500, 0.209700, -0.557900 ] [ 0.679900, -0.648100, 0.158000, -0.304500 ]
[ 51.439 ] [ -0.093100, -0.797500, 0.209700, -0.557900 ] [ 0.679900, -0.648100, 0.158000, -0.304500 ]
[ 51.538 ] [ -0.093100, -0.797500, 0.209700, -0.557900 ] [ 0.679900, -0.648100, 0.158000, -0.304500 ]
[ 51.639 ] [ -0.177500, -0.777600, 0.231400, -0.557000 ] [ 0.635500, -0.526600, 0.390300, -0.408000 ]
[ 51.739 ] [ -0.177500, -0.777600, 0.231400, -0.557000 ] [ 0.635500, -0.526600, 0.390300, -0.408000 ]
[ 51.839 ] [ -0.238400, -0.746700, 0.271500, -0.558400 ] [ 0.539500, -0.422500, 0.541000, -0.487500 ]
[ 51.938 ] [ -0.238400, -0.746700, 0.271500, -0.558400 ] [ 0.539500, -0.422500, 0.541000, -0.487500 ]
[ 52.038 ] [ -0.238400, -0.746700, 0.271500, -0.558400 ] [ 0.539500, -0.422500, 0.541000, -0.487500 ]
[ 52.14 ] [ -0.313100, -0.710300, 0.321600, -0.542200 ] [ 0.431900, -0.316700, 0.613800, -0.580100 ]
[ 52.238 ] [ -0.313100, -0.710300, 0.321600, -0.542200 ] [ 0.431900, -0.316700, 0.613800, -0.580100 ]
[ 52.341 ] [ -0.365700, -0.685500, 0.358000, -0.518000 ] [ 0.351200, -0.277500, 0.640200, -0.624300 ]
[ 52.439 ] [ -0.365700, -0.685500, 0.358000, -0.518000 ] [ 0.351200, -0.277500, 0.640200, -0.624300 ]
[ 52.542 ] [ -0.365700, -0.685500, 0.358000, -0.518000 ] [ 0.351200, -0.277500, 0.640200, -0.624300 ]
[ 52.639 ] [ -0.379800, -0.679500, 0.372900, -0.504900 ] [ 0.323300, -0.278000, 0.643500, -0.635700 ]
[ 52.738 ] [ -0.379800, -0.679500, 0.372900, -0.504900 ] [ 0.323300, -0.278000, 0.643500, -0.635700 ]
[ 52.839 ] [ -0.379800, -0.679500, 0.372900, -0.504900 ] [ 0.323300, -0.278000, 0.643500, -0.635700 ]
[ 52.938 ] [ -0.379800, -0.679500, 0.372900, -0.504900 ] [ 0.323300, -0.278000, 0.643500, -0.635700 ]
[ 53.039 ] [ -0.334500, -0.677900, 0.395400, -0.521700 ] [ 0.391200, -0.454700, 0.599600, -0.529700 ]
[ 53.138 ] [ -0.334500, -0.677900, 0.395400, -0.521700 ] [ 0.391200, -0.454700, 0.599600, -0.529700 ]
[ 53.239 ] [ -0.288100, -0.682600, 0.381000, -0.553000 ] [ 0.487200, -0.566200, 0.469400, -0.470900 ]
[ 53.339 ] [ -0.288100, -0.682600, 0.381000, -0.553000 ] [ 0.487200, -0.566200, 0.469400, -0.470900 ]
[ 53.439 ] [ -0.231900, -0.695300, 0.352200, -0.582000 ] [ 0.558800, -0.624100, 0.333300, -0.432600 ]
[ 53.539 ] [ -0.231900, -0.695300, 0.352200, -0.582000 ] [ 0.558800, -0.624100, 0.333300, -0.432600 ]
[ 53.638 ] [ -0.231900, -0.695300, 0.352200, -0.582000 ] [ 0.558800, -0.624100, 0.333300, -0.432600 ]
[ 53.739 ] [ -0.231900, -0.695300, 0.352200, -0.582000 ] [ 0.558800, -0.624100, 0.333300, -0.432600 ]
[ 53.839 ] [ -0.193000, -0.707700, 0.304900, -0.607400 ] [ 0.614600, -0.635200, 0.217400, -0.414200 ]
[ 53.939 ] [ -0.193000, -0.707700, 0.304900, -0.607400 ] [ 0.614600, -0.635200, 0.217400, -0.414200 ]
[ 54.039 ] [ -0.190400, -0.712500, 0.300100, -0.605000 ] [ 0.644400, -0.628500, 0.165900, -0.402700 ]
[ 54.138 ] [ -0.190400, -0.712500, 0.300100, -0.605000 ] [ 0.644400, -0.628500, 0.165900, -0.402700 ]
[ 54.238 ] [ -0.190400, -0.712500, 0.300100, -0.605000 ] [ 0.644400, -0.628500, 0.165900, -0.402700 ]
[ 54.34 ] [ -0.193700, -0.714500, 0.293100, -0.605000 ] [ 0.635700, -0.551300, 0.313800, -0.439800 ]
[ 54.439 ] [ -0.193700, -0.714500, 0.293100, -0.605000 ] [ 0.635700, -0.551300, 0.313800, -0.439800 ]
[ 54.539 ] [ -0.193700, -0.714500, 0.293100, -0.605000 ] [ 0.635700, -0.551300, 0.313800, -0.439800 ]
[ 54.639 ] [ -0.228900, -0.712400, 0.304000, -0.589600 ] [ 0.550000, -0.455600, 0.492900, -0.497000 ]
[ 54.738 ] [ -0.228900, -0.712400, 0.304000, -0.589600 ] [ 0.550000, -0.455600, 0.492900, -0.497000 ]
[ 54.838 ] [ -0.269900, -0.702700, 0.340700, -0.563200 ] [ 0.457600, -0.351000, 0.607400, -0.546300 ]
[ 54.938 ] [ -0.269900, -0.702700, 0.340700, -0.563200 ] [ 0.457600, -0.351000, 0.607400, -0.546300 ]
[ 55.038 ] [ -0.269900, -0.702700, 0.340700, -0.563200 ] [ 0.457600, -0.351000, 0.607400, -0.546300 ]
[ 55.138 ] [ -0.269900, -0.702700, 0.340700, -0.563200 ] [ 0.457600, -0.351000, 0.607400, -0.546300 ]
[ 55.239 ] [ -0.351000, -0.675700, 0.406800, -0.504700 ] [ 0.356000, -0.264000, 0.669000, -0.596600 ]
[ 55.341 ] [ -0.351000, -0.675700, 0.406800, -0.504700 ] [ 0.356000, -0.264000, 0.669000, -0.596600 ]
[ 55.439 ] [ -0.356200, -0.669100, 0.417400, -0.501200 ] [ 0.357300, -0.258000, 0.670100, -0.597300 ]
[ 55.547 ] [ -0.356200, -0.669100, 0.417400, -0.501200 ] [ 0.357300, -0.258000, 0.670100, -0.597300 ]
[ 55.638 ] [ -0.360600, -0.666100, 0.420300, -0.499500 ] [ 0.356200, -0.264800, 0.667000, -0.598500 ]
[ 55.738 ] [ -0.360600, -0.666100, 0.420300, -0.499500 ] [ 0.356200, -0.264800, 0.667000, -0.598500 ]
[ 55.838 ] [ -0.360600, -0.666100, 0.420300, -0.499500 ] [ 0.356200, -0.264800, 0.667000, -0.598500 ]
[ 55.939 ] [ -0.362100, -0.661100, 0.414500, -0.509900 ] [ 0.389500, -0.345500, 0.646300, -0.557900 ]
[ 56.04 ] [ -0.362100, -0.661100, 0.414500, -0.509900 ] [ 0.389500, -0.345500, 0.646300, -0.557900 ]
[ 56.139 ] [ -0.362100, -0.661100, 0.414500, -0.509900 ] [ 0.389500, -0.345500, 0.646300, -0.557900 ]
[ 56.239 ] [ -0.352600, -0.663000, 0.397800, -0.527100 ] [ 0.478000, -0.482200, 0.536200, -0.501400 ]
[ 56.339 ] [ -0.352600, -0.663000, 0.397800, -0.527100 ] [ 0.478000, -0.482200, 0.536200, -0.501400 ]
[ 56.438 ] [ -0.352600, -0.663000, 0.397800, -0.527100 ] [ 0.478000, -0.482200, 0.536200, -0.501400 ]
[ 56.54 ] [ -0.246700, -0.707700, 0.319500, -0.579800 ] [ 0.672500, -0.581700, 0.240100, -0.389600 ]
[ 56.639 ] [ -0.246700, -0.707700, 0.319500, -0.579800 ] [ 0.672500, -0.581700, 0.240100, -0.389600 ]
[ 56.739 ] [ -0.246700, -0.707700, 0.319500, -0.579800 ] [ 0.672500, -0.581700, 0.240100, -0.389600 ]
[ 56.838 ] [ -0.239700, -0.707500, 0.322500, -0.581300 ] [ 0.675600, -0.576200, 0.242800, -0.390700 ]
[ 56.94 ] [ -0.239700, -0.707500, 0.322500, -0.581300 ] [ 0.675600, -0.576200, 0.242800, -0.390700 ]
[ 57.039 ] [ -0.240700, -0.705800, 0.330700, -0.578400 ] [ 0.675300, -0.570800, 0.249200, -0.395100 ]
[ 57.139 ] [ -0.240700, -0.705800, 0.330700, -0.578400 ] [ 0.675300, -0.570800, 0.249200, -0.395100 ]
[ 57.239 ] [ -0.240700, -0.705800, 0.330700, -0.578400 ] [ 0.675300, -0.570800, 0.249200, -0.395100 ]
[ 57.34 ] [ -0.245500, -0.707900, 0.329000, -0.574800 ] [ 0.675700, -0.562000, 0.254100, -0.403700 ]
[ 57.438 ] [ -0.245500, -0.707900, 0.329000, -0.574800 ] [ 0.675700, -0.562000, 0.254100, -0.403700 ]
[ 57.538 ] [ -0.264400, -0.704100, 0.339400, -0.565000 ] [ 0.662600, -0.526800, 0.303100, -0.437600 ]
[ 57.639 ] [ -0.264400, -0.704100, 0.339400, -0.565000 ] [ 0.662600, -0.526800, 0.303100, -0.437600 ]
[ 57.738 ] [ -0.264400, -0.704100, 0.339400, -0.565000 ] [ 0.662600, -0.526800, 0.303100, -0.437600 ]
[ 57.839 ] [ -0.264400, -0.704100, 0.339400, -0.565000 ] [ 0.662600, -0.526800, 0.303100, -0.437600 ]
[ 57.938 ] [ -0.350000, -0.668300, 0.417200, -0.506800 ] [ 0.442900, -0.334600, 0.571900, -0.603900 ]
[ 58.039 ] [ -0.350000, -0.668300, 0.417200, -0.506800 ] [ 0.442900, -0.334600, 0.571900, -0.603900 ]
[ 58.14 ] [ -0.383900, -0.655900, 0.429500, -0.487800 ] [ 0.360900, -0.279900, 0.614300, -0.643400 ]
[ 58.238 ] [ -0.383900, -0.655900, 0.429500, -0.487800 ] [ 0.360900, -0.279900, 0.614300, -0.643400 ]
[ 58.341 ] [ -0.383900, -0.655900, 0.429500, -0.487800 ] [ 0.360900, -0.279900, 0.614300, -0.643400 ]
[ 58.438 ] [ -0.408600, -0.649500, 0.437100, -0.469100 ] [ 0.313500, -0.266700, 0.627300, -0.661200 ]
[ 58.55 ] [ -0.408600, -0.649500, 0.437100, -0.469100 ] [ 0.313500, -0.266700, 0.627300, -0.661200 ]
[ 58.638 ] [ -0.415000, -0.648100, 0.442200, -0.460600 ] [ 0.297300, -0.261200, 0.630300, -0.667900 ]
[ 58.739 ] [ -0.415000, -0.648100, 0.442200, -0.460600 ] [ 0.297300, -0.261200, 0.630300, -0.667900 ]
[ 58.837 ] [ -0.415000, -0.648100, 0.442200, -0.460600 ] [ 0.297300, -0.261200, 0.630300, -0.667900 ]
[ 58.939 ] [ -0.420600, -0.643400, 0.445900, -0.458700 ] [ 0.297800, -0.265400, 0.630200, -0.666200 ]
[ 59.038 ] [ -0.420600, -0.643400, 0.445900, -0.458700 ] [ 0.297800, -0.265400, 0.630200, -0.666200 ]
[ 59.14 ] [ -0.420600, -0.643400, 0.445900, -0.458700 ] [ 0.297800, -0.265400, 0.630200, -0.666200 ]
[ 59.238 ] [ -0.420600, -0.643400, 0.445900, -0.458700 ] [ 0.297800, -0.265400, 0.630200, -0.666200 ]
[ 59.339 ] [ -0.383600, -0.648900, 0.411900, -0.512000 ] [ 0.522400, -0.515100, 0.453900, -0.505800 ]
[ 59.438 ] [ -0.383600, -0.648900, 0.411900, -0.512000 ] [ 0.522400, -0.515100, 0.453900, -0.505800 ]
[ 59.539 ] [ -0.340800, -0.667200, 0.383100, -0.540400 ] [ 0.615000, -0.559300, 0.321600, -0.453300 ]
[ 59.638 ] [ -0.340800, -0.667200, 0.383100, -0.540400 ] [ 0.615000, -0.559300, 0.321600, -0.453300 ]
[ 59.74 ] [ -0.307200, -0.682400, 0.352600, -0.561800 ] [ 0.657900, -0.560300, 0.258900, -0.431500 ]
[ 59.839 ] [ -0.307200, -0.682400, 0.352600, -0.561800 ] [ 0.657900, -0.560300, 0.258900, -0.431500 ]
[ 59.939 ] [ -0.307200, -0.682400, 0.352600, -0.561800 ] [ 0.657900, -0.560300, 0.258900, -0.431500 ]
[ 60.039 ] [ -0.300400, -0.684500, 0.351900, -0.563400 ] [ 0.663500, -0.558000, 0.255500, -0.428000 ]
[ 60.139 ] [ -0.300400, -0.684500, 0.351900, -0.563400 ] [ 0.663500, -0.558000, 0.255500, -0.428000 ]
[ 60.239 ] [ -0.300400, -0.684500, 0.351900, -0.563400 ] [ 0.663500, -0.558000, 0.255500, -0.428000 ]
[ 60.341 ] [ -0.317500, -0.683500, 0.358300, -0.551100 ] [ 0.663500, -0.551600, 0.258800, -0.434200 ]
[ 60.439 ] [ -0.317500, -0.683500, 0.358300, -0.551100 ] [ 0.663500, -0.551600, 0.258800, -0.434200 ]
[ 60.538 ] [ -0.317500, -0.683500, 0.358300, -0.551100 ] [ 0.663500, -0.551600, 0.258800, -0.434200 ]
[ 60.641 ] [ -0.331800, -0.688000, 0.379000, -0.522500 ] [ 0.639900, -0.501100, 0.337300, -0.473800 ]
[ 60.737 ] [ -0.331800, -0.688000, 0.379000, -0.522500 ] [ 0.639900, -0.501100, 0.337300, -0.473800 ]
[ 60.838 ] [ -0.331800, -0.688000, 0.379000, -0.522500 ] [ 0.639900, -0.501100, 0.337300, -0.473800 ]
[ 60.938 ] [ -0.370500, -0.671800, 0.421600, -0.483400 ] [ 0.361700, -0.257000, 0.643000, -0.624200 ]
[ 61.039 ] [ -0.370500, -0.671800, 0.421600, -0.483400 ] [ 0.361700, -0.257000, 0.643000, -0.624200 ]
[ 61.139 ] [ -0.411600, -0.648300, 0.441800, -0.463900 ] [ 0.343400, -0.245200, 0.647400, -0.634700 ]
[ 61.239 ] [ -0.411600, -0.648300, 0.441800, -0.463900 ] [ 0.343400, -0.245200, 0.647400, -0.634700 ]
[ 61.341 ] [ -0.411600, -0.648300, 0.441800, -0.463900 ] [ 0.343400, -0.245200, 0.647400, -0.634700 ]
[ 61.438 ] [ -0.422700, -0.637000, 0.460000, -0.451500 ] [ 0.333400, -0.237100, 0.647700, -0.642800 ]
[ 61.545 ] [ -0.422700, -0.637000, 0.460000, -0.451500 ] [ 0.333400, -0.237100, 0.647700, -0.642800 ]
[ 61.638 ] [ -0.422700, -0.637000, 0.460000, -0.451500 ] [ 0.333400, -0.237100, 0.647700, -0.642800 ]
[ 61.739 ] [ -0.426600, -0.634300, 0.464900, -0.446700 ] [ 0.324600, -0.231600, 0.649900, -0.647000 ]
[ 61.839 ] [ -0.426600, -0.634300, 0.464900, -0.446700 ] [ 0.324600, -0.231600, 0.649900, -0.647000 ]
[ 61.94 ] [ -0.426600, -0.634300, 0.464900, -0.446700 ] [ 0.324600, -0.231600, 0.649900, -0.647000 ]
[ 62.04 ] [ -0.430100, -0.630700, 0.470000, -0.443000 ] [ 0.316400, -0.228300, 0.651300, -0.650800 ]
[ 62.138 ] [ -0.430100, -0.630700, 0.470000, -0.443000 ] [ 0.316400, -0.228300, 0.651300, -0.650800 ]
[ 62.24 ] [ -0.428800, -0.630300, 0.469600, -0.445400 ] [ 0.381900, -0.294000, 0.634000, -0.604800 ]
[ 62.339 ] [ -0.428800, -0.630300, 0.469600, -0.445400 ] [ 0.381900, -0.294000, 0.634000, -0.604800 ]
[ 62.438 ] [ -0.428800, -0.630300, 0.469600, -0.445400 ] [ 0.381900, -0.294000, 0.634000, -0.604800 ]
[ 62.54 ] [ -0.415200, -0.637200, 0.451100, -0.467000 ] [ 0.500100, -0.398800, 0.544200, -0.542900 ]
[ 62.639 ] [ -0.415200, -0.637200, 0.451100, -0.467000 ] [ 0.500100, -0.398800, 0.544200, -0.542900 ]
[ 62.738 ] [ -0.415200, -0.637200, 0.451100, -0.467000 ] [ 0.500100, -0.398800, 0.544200, -0.542900 ]
[ 62.838 ] [ -0.394000, -0.646100, 0.400700, -0.516500 ] [ 0.617500, -0.498800, 0.372900, -0.480500 ]
[ 62.939 ] [ -0.394000, -0.646100, 0.400700, -0.516500 ] [ 0.617500, -0.498800, 0.372900, -0.480500 ]
[ 63.038 ] [ -0.394000, -0.646100, 0.400700, -0.516500 ] [ 0.617500, -0.498800, 0.372900, -0.480500 ]
[ 63.14 ] [ -0.387500, -0.648500, 0.394400, -0.523200 ] [ 0.637800, -0.510600, 0.346200, -0.461100 ]
[ 63.238 ] [ -0.387500, -0.648500, 0.394400, -0.523200 ] [ 0.637800, -0.510600, 0.346200, -0.461100 ]
[ 63.339 ] [ -0.387500, -0.648500, 0.394400, -0.523200 ] [ 0.637800, -0.510600, 0.346200, -0.461100 ]
[ 63.439 ] [ -0.391000, -0.647300, 0.395300, -0.521400 ] [ 0.645900, -0.508100, 0.332800, -0.462600 ]
[ 63.539 ] [ -0.391000, -0.647300, 0.395300, -0.521400 ] [ 0.645900, -0.508100, 0.332800, -0.462600 ]
[ 63.639 ] [ -0.393200, -0.649100, 0.402900, -0.511600 ] [ 0.640500, -0.488400, 0.346100, -0.481200 ]
[ 63.739 ] [ -0.393200, -0.649100, 0.402900, -0.511600 ] [ 0.640500, -0.488400, 0.346100, -0.481200 ]
[ 63.838 ] [ -0.393200, -0.649100, 0.402900, -0.511600 ] [ 0.640500, -0.488400, 0.346100, -0.481200 ]
[ 63.94 ] [ -0.422900, -0.630700, 0.435300, -0.483700 ] [ 0.572900, -0.424000, 0.462400, -0.527500 ]
[ 64.039 ] [ -0.422900, -0.630700, 0.435300, -0.483700 ] [ 0.572900, -0.424000, 0.462400, -0.527500 ]
[ 64.139 ] [ -0.422900, -0.630700, 0.435300, -0.483700 ] [ 0.572900, -0.424000, 0.462400, -0.527500 ]
[ 64.24 ] [ -0.474900, -0.589500, 0.482700, -0.440400 ] [ 0.282800, -0.181500, 0.648900, -0.682700 ]
[ 64.341 ] [ -0.474900, -0.589500, 0.482700, -0.440400 ] [ 0.282800, -0.181500, 0.648900, -0.682700 ]
[ 64.438 ] [ -0.506300, -0.565200, 0.511000, -0.403800 ] [ 0.279500, -0.185200, 0.653100, -0.679000 ]
[ 64.544 ] [ -0.506300, -0.565200, 0.511000, -0.403800 ] [ 0.279500, -0.185200, 0.653100, -0.679000 ]
[ 64.638 ] [ -0.506300, -0.565200, 0.511000, -0.403800 ] [ 0.279500, -0.185200, 0.653100, -0.679000 ]
[ 64.738 ] [ -0.506300, -0.565200, 0.511000, -0.403800 ] [ 0.279500, -0.185200, 0.653100, -0.679000 ]
[ 64.838 ] [ -0.502100, -0.560300, 0.525900, -0.396600 ] [ 0.278300, -0.186000, 0.651600, -0.680700 ]
[ 64.939 ] [ -0.502100, -0.560300, 0.525900, -0.396600 ] [ 0.278300, -0.186000, 0.651600, -0.680700 ]
[ 65.039 ] [ -0.505000, -0.555500, 0.532500, -0.390900 ] [ 0.272900, -0.181900, 0.653000, -0.682700 ]
[ 65.139 ] [ -0.505000, -0.555500, 0.532500, -0.390900 ] [ 0.272900, -0.181900, 0.653000, -0.682700 ]
[ 65.24 ] [ -0.486500, -0.565900, 0.565400, -0.351200 ] [ 0.263600, -0.177600, 0.655800, -0.684800 ]
[ 65.339 ] [ -0.486500, -0.565900, 0.565400, -0.351200 ] [ 0.263600, -0.177600, 0.655800, -0.684800 ]
[ 65.438 ] [ -0.486500, -0.565900, 0.565400, -0.351200 ] [ 0.263600, -0.177600, 0.655800, -0.684800 ]
[ 65.538 ] [ -0.486500, -0.565900, 0.565400, -0.351200 ] [ 0.263600, -0.177600, 0.655800, -0.684800 ]
[ 65.64 ] [ -0.449200, -0.639700, 0.547700, -0.298200 ] [ -0.007700, -0.424900, 0.700100, -0.573700 ]
[ 65.738 ] [ -0.449200, -0.639700, 0.547700, -0.298200 ] [ -0.007700, -0.424900, 0.700100, -0.573700 ]
[ 65.838 ] [ -0.496500, -0.596100, 0.545900, -0.316600 ] [ -0.014700, -0.614000, 0.428800, -0.662500 ]
[ 65.94 ] [ -0.496500, -0.596100, 0.545900, -0.316600 ] [ -0.014700, -0.614000, 0.428800, -0.662500 ]
[ 66.039 ] [ -0.496500, -0.596100, 0.545900, -0.316600 ] [ -0.014700, -0.614000, 0.428800, -0.662500 ]
[ 66.138 ] [ -0.520100, -0.593200, 0.518400, -0.330100 ] [ -0.102800, -0.667200, 0.314200, -0.667500 ]
[ 66.238 ] [ -0.520100, -0.593200, 0.518400, -0.330100 ] [ -0.102800, -0.667200, 0.314200, -0.667500 ]
[ 66.338 ] [ -0.520100, -0.593200, 0.518400, -0.330100 ] [ -0.102800, -0.667200, 0.314200, -0.667500 ]
[ 66.439 ] [ -0.515200, -0.598000, 0.508200, -0.344400 ] [ -0.108400, -0.672900, 0.296900, -0.668800 ]
[ 66.538 ] [ -0.515200, -0.598000, 0.508200, -0.344400 ] [ -0.108400, -0.672900, 0.296900, -0.668800 ]
[ 66.639 ] [ -0.515200, -0.602700, 0.499800, -0.348700 ] [ -0.118800, -0.669600, 0.297200, -0.670200 ]
[ 66.739 ] [ -0.515200, -0.602700, 0.499800, -0.348700 ] [ -0.118800, -0.669600, 0.297200, -0.670200 ]
[ 66.839 ] [ -0.515200, -0.602700, 0.499800, -0.348700 ] [ -0.118800, -0.669600, 0.297200, -0.670200 ]
[ 66.939 ] [ -0.515200, -0.602700, 0.499800, -0.348700 ] [ -0.118800, -0.669600, 0.297200, -0.670200 ]
[ 67.039 ] [ -0.531500, -0.587800, 0.508000, -0.337500 ] [ -0.126600, -0.666900, 0.303900, -0.668500 ]
[ 67.139 ] [ -0.531500, -0.587800, 0.508000, -0.337500 ] [ -0.126600, -0.666900, 0.303900, -0.668500 ]
[ 67.24 ] [ -0.540800, -0.582500, 0.506400, -0.334500 ] [ -0.140900, -0.660800, 0.310300, -0.668800 ]
[ 67.34 ] [ -0.540800, -0.582500, 0.506400, -0.334500 ] [ -0.140900, -0.660800, 0.310300, -0.668800 ]
[ 67.439 ] [ -0.540800, -0.582500, 0.506400, -0.334500 ] [ -0.140900, -0.660800, 0.310300, -0.668800 ]
[ 67.542 ] [ -0.540800, -0.582500, 0.506400, -0.334500 ] [ -0.140900, -0.660800, 0.310300, -0.668800 ]
[ 67.639 ] [ -0.541000, -0.587100, 0.492800, -0.346200 ] [ -0.116900, -0.665700, 0.279500, -0.681900 ]
[ 67.738 ] [ -0.541000, -0.587100, 0.492800, -0.346200 ] [ -0.116900, -0.665700, 0.279500, -0.681900 ]
[ 67.84 ] [ -0.553300, -0.576200, 0.506800, -0.324000 ] [ -0.137100, -0.658900, 0.293400, -0.678900 ]
[ 67.939 ] [ -0.553300, -0.576200, 0.506800, -0.324000 ] [ -0.137100, -0.658900, 0.293400, -0.678900 ]
[ 68.039 ] [ -0.570500, -0.550800, 0.523600, -0.311600 ] [ -0.155600, -0.640500, 0.319700, -0.680700 ]
[ 68.139 ] [ -0.570500, -0.550800, 0.523600, -0.311600 ] [ -0.155600, -0.640500, 0.319700, -0.680700 ]
[ 68.238 ] [ -0.570500, -0.550800, 0.523600, -0.311600 ] [ -0.155600, -0.640500, 0.319700, -0.680700 ]
[ 68.341 ] [ -0.578100, -0.539500, 0.534000, -0.299500 ] [ -0.166500, -0.629300, 0.338000, -0.679700 ]
[ 68.438 ] [ -0.578100, -0.539500, 0.534000, -0.299500 ] [ -0.166500, -0.629300, 0.338000, -0.679700 ]
[ 68.539 ] [ -0.578100, -0.539500, 0.534000, -0.299500 ] [ -0.166500, -0.629300, 0.338000, -0.679700 ]
[ 68.64 ] [ -0.579100, -0.542100, 0.535400, -0.289900 ] [ -0.178900, -0.629600, 0.338800, -0.675900 ]
[ 68.738 ] [ -0.579100, -0.542100, 0.535400, -0.289900 ] [ -0.178900, -0.629600, 0.338800, -0.675900 ]
[ 68.838 ] [ -0.579100, -0.542100, 0.535400, -0.289900 ] [ -0.178900, -0.629600, 0.338800, -0.675900 ]
[ 68.939 ] [ -0.475800, -0.592200, 0.562900, -0.325800 ] [ -0.149600, -0.690600, 0.343200, -0.618800 ]
[ 69.038 ] [ -0.475800, -0.592200, 0.562900, -0.325800 ] [ -0.149600, -0.690600, 0.343200, -0.618800 ]
[ 69.139 ] [ -0.475800, -0.592200, 0.562900, -0.325800 ] [ -0.149600, -0.690600, 0.343200, -0.618800 ]
[ 69.239 ] [ -0.331400, -0.603700, 0.603200, -0.402200 ] [ -0.010600, -0.756000, 0.347500, -0.554500 ]
[ 69.34 ] [ -0.331400, -0.603700, 0.603200, -0.402200 ] [ -0.010600, -0.756000, 0.347500, -0.554500 ]
[ 69.438 ] [ -0.212700, -0.583400, 0.648000, -0.441000 ] [ 0.068100, -0.786000, 0.388400, -0.476100 ]
[ 69.538 ] [ -0.212700, -0.583400, 0.648000, -0.441000 ] [ 0.068100, -0.786000, 0.388400, -0.476100 ]
[ 69.638 ] [ -0.212700, -0.583400, 0.648000, -0.441000 ] [ 0.068100, -0.786000, 0.388400, -0.476100 ]
[ 69.739 ] [ -0.125300, -0.555700, 0.694500, -0.439600 ] [ 0.118400, -0.799500, 0.469700, -0.355300 ]
[ 69.838 ] [ -0.125300, -0.555700, 0.694500, -0.439600 ] [ 0.118400, -0.799500, 0.469700, -0.355300 ]
[ 69.94 ] [ -0.125300, -0.555700, 0.694500, -0.439600 ] [ 0.118400, -0.799500, 0.469700, -0.355300 ]
[ 70.04 ] [ -0.067500, -0.529000, 0.733600, -0.421100 ] [ 0.114900, -0.805700, 0.503200, -0.290500 ]
[ 70.138 ] [ -0.067500, -0.529000, 0.733600, -0.421100 ] [ 0.114900, -0.805700, 0.503200, -0.290500 ]
[ 70.238 ] [ -0.022000, -0.512000, 0.760600, -0.398600 ] [ 0.106600, -0.814000, 0.523500, -0.228000 ]
[ 70.343 ] [ -0.022000, -0.512000, 0.760600, -0.398600 ] [ 0.106600, -0.814000, 0.523500, -0.228000 ]
[ 70.438 ] [ -0.022000, -0.512000, 0.760600, -0.398600 ] [ 0.106600, -0.814000, 0.523500, -0.228000 ]
[ 70.543 ] [ 0.113500, -0.480000, 0.805800, -0.327700 ] [ 0.109100, -0.819500, 0.538600, -0.163000 ]
[ 70.639 ] [ 0.113500, -0.480000, 0.805800, -0.327700 ] [ 0.109100, -0.819500, 0.538600, -0.163000 ]
[ 70.738 ] [ 0.113500, -0.480000, 0.805800, -0.327700 ] [ 0.109100, -0.819500, 0.538600, -0.163000 ]
[ 70.84 ] [ 0.189000, -0.450100, 0.804800, -0.337500 ] [ 0.130000, -0.818200, 0.551500, -0.097600 ]
[ 70.939 ] [ 0.189000, -0.450100, 0.804800, -0.337500 ] [ 0.130000, -0.818200, 0.551500, -0.097600 ]
[ 71.038 ] [ 0.189000, -0.450100, 0.804800, -0.337500 ] [ 0.130000, -0.818200, 0.551500, -0.097600 ]
[ 71.139 ] [ 0.282100, -0.392200, 0.815700, -0.318100 ] [ 0.285100, -0.720100, 0.631100, 0.043500 ]
[ 71.243 ] [ 0.282100, -0.392200, 0.815700, -0.318100 ] [ 0.285100, -0.720100, 0.631100, 0.043500 ]
[ 71.342 ] [ 0.282100, -0.392200, 0.815700, -0.318100 ] [ 0.285100, -0.720100, 0.631100, 0.043500 ]
[ 71.438 ] [ 0.325000, -0.351100, 0.829200, -0.288900 ] [ 0.310200, -0.651900, 0.680700, 0.124500 ]
[ 71.539 ] [ 0.325000, -0.351100, 0.829200, -0.288900 ] [ 0.310200, -0.651900, 0.680700, 0.124500 ]
[ 71.641 ] [ 0.325000, -0.351100, 0.829200, -0.288900 ] [ 0.310200, -0.651900, 0.680700, 0.124500 ]
[ 71.74 ] [ 0.368500, -0.303900, 0.841600, -0.252100 ] [ 0.291300, -0.548300, 0.728100, 0.290700 ]
[ 71.839 ] [ 0.368500, -0.303900, 0.841600, -0.252100 ] [ 0.291300, -0.548300, 0.728100, 0.290700 ]
[ 71.942 ] [ 0.408800, -0.254200, 0.851700, -0.207000 ] [ 0.284400, -0.456300, 0.746400, 0.392200 ]
[ 72.042 ] [ 0.408800, -0.254200, 0.851700, -0.207000 ] [ 0.284400, -0.456300, 0.746400, 0.392200 ]
[ 72.139 ] [ 0.408800, -0.254200, 0.851700, -0.207000 ] [ 0.284400, -0.456300, 0.746400, 0.392200 ]
[ 72.242 ] [ 0.440600, -0.203500, 0.857400, -0.171300 ] [ 0.277900, -0.357700, 0.749700, 0.482400 ]
[ 72.341 ] [ 0.440600, -0.203500, 0.857400, -0.171300 ] [ 0.277900, -0.357700, 0.749700, 0.482400 ]
[ 72.438 ] [ 0.440600, -0.203500, 0.857400, -0.171300 ] [ 0.277900, -0.357700, 0.749700, 0.482400 ]
[ 72.539 ] [ 0.497000, -0.140500, 0.845200, -0.137300 ] [ 0.269300, -0.255000, 0.742700, 0.557500 ]
[ 72.643 ] [ 0.497000, -0.140500, 0.845200, -0.137300 ] [ 0.269300, -0.255000, 0.742700, 0.557500 ]
[ 72.738 ] [ 0.509900, -0.133700, 0.839300, -0.133100 ] [ 0.264200, -0.148500, 0.723300, 0.620400 ]
[ 72.838 ] [ 0.509900, -0.133700, 0.839300, -0.133100 ] [ 0.264200, -0.148500, 0.723300, 0.620400 ]
[ 72.939 ] [ 0.509900, -0.133700, 0.839300, -0.133100 ] [ 0.264200, -0.148500, 0.723300, 0.620400 ]
[ 73.048 ] [ 0.513400, -0.155000, 0.831500, -0.145200 ] [ 0.208200, 0.197700, 0.827100, 0.483200 ]
[ 73.138 ] [ 0.513400, -0.155000, 0.831500, -0.145200 ] [ 0.208200, 0.197700, 0.827100, 0.483200 ]
[ 73.247 ] [ 0.513400, -0.155000, 0.831500, -0.145200 ] [ 0.208200, 0.197700, 0.827100, 0.483200 ]
[ 73.348 ] [ 0.523100, -0.213300, 0.799200, -0.205200 ] [ 0.220200, 0.240900, 0.820000, 0.470300 ]
[ 73.439 ] [ 0.523100, -0.213300, 0.799200, -0.205200 ] [ 0.220200, 0.240900, 0.820000, 0.470300 ]
[ 73.552 ] [ 0.510000, -0.360000, 0.698100, -0.350600 ] [ 0.355700, -0.008800, 0.863500, 0.357400 ]
[ 73.643 ] [ 0.510000, -0.360000, 0.698100, -0.350600 ] [ 0.355700, -0.008800, 0.863500, 0.357400 ]
[ 73.738 ] [ 0.510000, -0.360000, 0.698100, -0.350600 ] [ 0.355700, -0.008800, 0.863500, 0.357400 ]
[ 73.838 ] [ 0.216600, -0.682600, 0.513800, -0.472500 ] [ 0.442400, -0.324700, 0.801500, 0.237600 ]
[ 73.941 ] [ 0.216600, -0.682600, 0.513800, -0.472500 ] [ 0.442400, -0.324700, 0.801500, 0.237600 ]
[ 74.039 ] [ 0.216600, -0.682600, 0.513800, -0.472500 ] [ 0.442400, -0.324700, 0.801500, 0.237600 ]
[ 74.139 ] [ 0.074900, -0.678000, 0.455500, -0.572000 ] [ 0.453900, -0.551400, 0.690700, 0.113400 ]
[ 74.241 ] [ 0.074900, -0.678000, 0.455500, -0.572000 ] [ 0.453900, -0.551400, 0.690700, 0.113400 ]
[ 74.339 ] [ 0.074900, -0.678000, 0.455500, -0.572000 ] [ 0.453900, -0.551400, 0.690700, 0.113400 ]
[ 74.438 ] [ -0.177800, -0.669000, 0.403200, -0.598500 ] [ 0.499200, -0.650900, 0.543700, -0.177700 ]
[ 74.538 ] [ -0.177800, -0.669000, 0.403200, -0.598500 ] [ 0.499200, -0.650900, 0.543700, -0.177700 ]
[ 74.639 ] [ -0.376100, -0.560400, 0.451500, -0.583700 ] [ 0.468600, -0.266100, 0.659100, -0.524600 ]
[ 74.739 ] [ -0.376100, -0.560400, 0.451500, -0.583700 ] [ 0.468600, -0.266100, 0.659100, -0.524600 ]
[ 74.839 ] [ -0.376100, -0.560400, 0.451500, -0.583700 ] [ 0.468600, -0.266100, 0.659100, -0.524600 ]
[ 74.939 ] [ -0.406000, -0.463700, 0.590100, -0.521400 ] [ 0.302400, -0.125200, 0.809700, -0.487100 ]
[ 75.039 ] [ -0.406000, -0.463700, 0.590100, -0.521400 ] [ 0.302400, -0.125200, 0.809700, -0.487100 ]
[ 75.14 ] [ -0.406000, -0.463700, 0.590100, -0.521400 ] [ 0.302400, -0.125200, 0.809700, -0.487100 ]
[ 75.24 ] [ -0.426000, -0.316300, 0.768400, -0.357900 ] [ 0.083400, -0.085400, 0.908900, -0.399500 ]
[ 75.338 ] [ -0.426000, -0.316300, 0.768400, -0.357900 ] [ 0.083400, -0.085400, 0.908900, -0.399500 ]
[ 75.439 ] [ -0.426000, -0.316300, 0.768400, -0.357900 ] [ 0.083400, -0.085400, 0.908900, -0.399500 ]
[ 75.54 ] [ -0.433400, -0.283200, 0.784200, -0.342000 ] [ 0.044100, -0.084700, 0.936800, -0.336600 ]
[ 75.639 ] [ -0.433400, -0.283200, 0.784200, -0.342000 ] [ 0.044100, -0.084700, 0.936800, -0.336600 ]
[ 75.738 ] [ -0.443600, -0.261400, 0.795400, -0.319800 ] [ 0.006700, -0.070100, 0.954100, -0.291100 ]
[ 75.839 ] [ -0.443600, -0.261400, 0.795400, -0.319800 ] [ 0.006700, -0.070100, 0.954100, -0.291100 ]
[ 75.941 ] [ -0.443600, -0.261400, 0.795400, -0.319800 ] [ 0.006700, -0.070100, 0.954100, -0.291100 ]
[ 76.041 ] [ -0.450500, -0.260100, 0.795200, -0.311500 ] [ -0.005700, -0.070000, 0.952500, -0.296400 ]
[ 76.139 ] [ -0.450500, -0.260100, 0.795200, -0.311500 ] [ -0.005700, -0.070000, 0.952500, -0.296400 ]
