[ 2101 ] [ 0.991100, 0.023000, -0.129900, 0.019400 ] [ 0.007000, 0.843000, -0.537700, 0.010300 ]
[ 2192 ] [ 0.991300, 0.021700, -0.129900, 0.007900 ] [ 0.007100, 0.843600, -0.536700, 0.011100 ]
[ 2273 ] [ 0.991700, 0.016300, -0.126900, 0.008700 ] [ 0.007100, 0.844300, -0.535700, 0.013400 ]
[ 2372 ] [ 0.990400, 0.011000, -0.127000, 0.052900 ] [ 0.007400, 0.846100, -0.532900, 0.010600 ]
[ 2481 ] [ 0.989300, 0.006500, -0.139300, 0.044100 ] [ 0.007300, 0.847600, -0.530500, 0.009100 ]
[ 2577 ] [ 0.989400, 0.008300, -0.138700, 0.041800 ] [ 0.007100, 0.849100, -0.528000, 0.009800 ]
[ 2677 ] [ 0.989500, 0.010800, -0.140800, 0.031000 ] [ 0.006700, 0.850300, -0.526200, 0.010000 ]
[ 2766 ] [ 0.989500, 0.010800, -0.140800, 0.031000 ] [ 0.006700, 0.850300, -0.526200, 0.010000 ]
[ 2863 ] [ 0.989500, 0.010800, -0.140800, 0.031000 ] [ 0.006700, 0.850300, -0.526200, 0.010000 ]
[ 2975 ] [ 0.989000, 0.008800, -0.144900, 0.027000 ] [ 0.006700, 0.850900, -0.525200, 0.010100 ]
[ 3069 ] [ 0.989000, 0.008800, -0.144900, 0.027000 ] [ 0.006700, 0.850900, -0.525200, 0.010100 ]
[ 3165 ] [ 0.989000, 0.008800, -0.144900, 0.027000 ] [ 0.006700, 0.850900, -0.525200, 0.010100 ]
[ 3270 ] [ 0.989100, 0.008900, -0.144900, 0.024100 ] [ 0.006700, 0.851500, -0.524200, 0.010300 ]
[ 3372 ] [ 0.989100, 0.008900, -0.144900, 0.024100 ] [ 0.006700, 0.851500, -0.524200, 0.010300 ]
[ 3470 ] [ 0.989100, 0.008900, -0.144900, 0.024100 ] [ 0.006700, 0.851500, -0.524200, 0.010300 ]
[ 3564 ] [ 0.989100, 0.008900, -0.144900, 0.024100 ] [ 0.006700, 0.851500, -0.524200, 0.010300 ]
[ 3671 ] [ 0.988500, 0.006800, -0.149400, 0.022500 ] [ 0.006700, 0.853100, -0.521600, 0.010700 ]
[ 3767 ] [ 0.988500, 0.006800, -0.149400, 0.022500 ] [ 0.006700, 0.853100, -0.521600, 0.010700 ]
[ 3868 ] [ 0.988500, 0.006800, -0.149400, 0.022500 ] [ 0.006700, 0.853100, -0.521600, 0.010700 ]
[ 3968 ] [ 0.973900, -0.105700, -0.198900, -0.028400 ] [ 0.007100, 0.853400, -0.521000, 0.011500 ]
[ 4082 ] [ 0.973900, -0.105700, -0.198900, -0.028400 ] [ 0.007100, 0.853400, -0.521000, 0.011500 ]
[ 4164 ] [ 0.973900, -0.105700, -0.198900, -0.028400 ] [ 0.007100, 0.853400, -0.521000, 0.011500 ]
[ 4263 ] [ 0.973900, -0.105700, -0.198900, -0.028400 ] [ 0.007100, 0.853400, -0.521000, 0.011500 ]
[ 4364 ] [ 0.966000, -0.148200, -0.206100, -0.049000 ] [ 0.005300, 0.835800, -0.548800, 0.014800 ]
[ 4463 ] [ 0.966000, -0.148200, -0.206100, -0.049000 ] [ 0.005300, 0.835800, -0.548800, 0.014800 ]
[ 4564 ] [ 0.966000, -0.148200, -0.206100, -0.049000 ] [ 0.005300, 0.835800, -0.548800, 0.014800 ]
[ 4675 ] [ 0.958100, -0.213200, -0.182100, -0.058000 ] [ 0.007400, 0.835300, -0.549400, 0.020200 ]
[ 4762 ] [ 0.958100, -0.213200, -0.182100, -0.058000 ] [ 0.007400, 0.835300, -0.549400, 0.020200 ]
[ 4863 ] [ 0.958100, -0.213200, -0.182100, -0.058000 ] [ 0.007400, 0.835300, -0.549400, 0.020200 ]
[ 4964 ] [ 0.957300, -0.233300, -0.157700, -0.065500 ] [ 0.007900, 0.827000, -0.561700, 0.021800 ]
[ 5065 ] [ 0.957300, -0.233300, -0.157700, -0.065500 ] [ 0.007900, 0.827000, -0.561700, 0.021800 ]
[ 5162 ] [ 0.957300, -0.233300, -0.157700, -0.065500 ] [ 0.007900, 0.827000, -0.561700, 0.021800 ]
[ 5264 ] [ 0.957300, -0.233300, -0.157700, -0.065500 ] [ 0.007900, 0.827000, -0.561700, 0.021800 ]
[ 5365 ] [ 0.629200, -0.769600, -0.101600, -0.039200 ] [ 0.016000, 0.834300, -0.550400, 0.028700 ]
[ 5464 ] [ 0.629200, -0.769600, -0.101600, -0.039200 ] [ 0.016000, 0.834300, -0.550400, 0.028700 ]
[ 5573 ] [ 0.629200, -0.769600, -0.101600, -0.039200 ] [ 0.016000, 0.834300, -0.550400, 0.028700 ]
[ 5669 ] [ 0.563800, -0.817300, -0.113900, -0.034300 ] [ 0.015000, 0.837700, -0.545500, 0.023500 ]
[ 5762 ] [ 0.563800, -0.817300, -0.113900, -0.034300 ] [ 0.015000, 0.837700, -0.545500, 0.023500 ]
[ 5865 ] [ 0.563800, -0.817300, -0.113900, -0.034300 ] [ 0.015000, 0.837700, -0.545500, 0.023500 ]
[ 5975 ] [ 0.437200, -0.890700, -0.111300, -0.055400 ] [ 0.014000, 0.846000, -0.532700, 0.019100 ]
[ 6075 ] [ 0.437200, -0.890700, -0.111300, -0.055400 ] [ 0.014000, 0.846000, -0.532700, 0.019100 ]
[ 6164 ] [ 0.437200, -0.890700, -0.111300, -0.055400 ] [ 0.014000, 0.846000, -0.532700, 0.019100 ]
[ 6267 ] [ 0.437200, -0.890700, -0.111300, -0.055400 ] [ 0.014000, 0.846000, -0.532700, 0.019100 ]
[ 6364 ] [ 0.059400, -0.993900, -0.092900, -0.001600 ] [ 0.012700, 0.856900, -0.515200, 0.010500 ]
[ 6464 ] [ 0.059400, -0.993900, -0.092900, -0.001600 ] [ 0.012700, 0.856900, -0.515200, 0.010500 ]
[ 6564 ] [ 0.059400, -0.993900, -0.092900, -0.001600 ] [ 0.012700, 0.856900, -0.515200, 0.010500 ]
[ 6667 ] [ 0.040400, -0.995200, -0.085000, 0.027800 ] [ 0.012700, 0.857300, -0.514600, 0.011800 ]
[ 6765 ] [ 0.040400, -0.995200, -0.085000, 0.027800 ] [ 0.012700, 0.857300, -0.514600, 0.011800 ]
[ 6863 ] [ 0.040400, -0.995200, -0.085000, 0.027800 ] [ 0.012700, 0.857300, -0.514600, 0.011800 ]
[ 6965 ] [ 0.040400, -0.995200, -0.085000, 0.027800 ] [ 0.012700, 0.857300, -0.514600, 0.011800 ]
[ 7065 ] [ 0.000300, -0.994700, -0.079800, 0.064300 ] [ 0.010900, 0.858900, -0.511900, 0.008700 ]
[ 7164 ] [ 0.000300, -0.994700, -0.079800, 0.064300 ] [ 0.010900, 0.858900, -0.511900, 0.008700 ]
[ 7265 ] [ 0.000300, -0.994700, -0.079800, 0.064300 ] [ 0.010900, 0.858900, -0.511900, 0.008700 ]
[ 7364 ] [ -0.005600, -0.994200, -0.080900, 0.071200 ] [ 0.010600, 0.859600, -0.510800, 0.008500 ]
[ 7473 ] [ -0.005600, -0.994200, -0.080900, 0.071200 ] [ 0.010600, 0.859600, -0.510800, 0.008500 ]
[ 7564 ] [ -0.005600, -0.994200, -0.080900, 0.071200 ] [ 0.010600, 0.859600, -0.510800, 0.008500 ]
[ 7668 ] [ -0.008500, -0.992700, -0.089700, 0.079500 ] [ 0.010300, 0.860500, -0.509300, 0.007500 ]
[ 7778 ] [ -0.008500, -0.992700, -0.089700, 0.079500 ] [ 0.010300, 0.860500, -0.509300, 0.007500 ]
[ 7864 ] [ -0.008500, -0.992700, -0.089700, 0.079500 ] [ 0.010300, 0.860500, -0.509300, 0.007500 ]
[ 7966 ] [ -0.008500, -0.992700, -0.089700, 0.079500 ] [ 0.010300, 0.860500, -0.509300, 0.007500 ]
[ 8065 ] [ 0.282300, -0.950400, -0.123100, 0.043200 ] [ 0.001300, 0.862400, -0.506200, 0.000800 ]
[ 8164 ] [ 0.282300, -0.950400, -0.123100, 0.043200 ] [ 0.001300, 0.862400, -0.506200, 0.000800 ]
[ 8264 ] [ 0.282300, -0.950400, -0.123100, 0.043200 ] [ 0.001300, 0.862400, -0.506200, 0.000800 ]
[ 8364 ] [ 0.282300, -0.950400, -0.123100, 0.043200 ] [ 0.001300, 0.862400, -0.506200, 0.000800 ]
[ 8466 ] [ 0.567500, -0.812100, -0.124100, 0.055400 ] [ 0.000900, 0.862900, -0.505400, 0.002100 ]
[ 8575 ] [ 0.567500, -0.812100, -0.124100, 0.055400 ] [ 0.000900, 0.862900, -0.505400, 0.002100 ]
[ 8668 ] [ 0.567500, -0.812100, -0.124100, 0.055400 ] [ 0.000900, 0.862900, -0.505400, 0.002100 ]
[ 8764 ] [ 0.567500, -0.812100, -0.124100, 0.055400 ] [ 0.000900, 0.862900, -0.505400, 0.002100 ]
[ 8866 ] [ 0.894200, -0.422800, -0.127500, 0.073300 ] [ -0.000000, 0.863400, -0.504500, 0.002100 ]
[ 8975 ] [ 0.894200, -0.422800, -0.127500, 0.073300 ] [ -0.000000, 0.863400, -0.504500, 0.002100 ]
[ 9067 ] [ 0.894200, -0.422800, -0.127500, 0.073300 ] [ -0.000000, 0.863400, -0.504500, 0.002100 ]
[ 9168 ] [ 0.979600, -0.187900, -0.062800, 0.032600 ] [ 0.001600, 0.863800, -0.503600, 0.016600 ]
[ 9265 ] [ 0.979600, -0.187900, -0.062800, 0.032600 ] [ 0.001600, 0.863800, -0.503600, 0.016600 ]
[ 9366 ] [ 0.979600, -0.187900, -0.062800, 0.032600 ] [ 0.001600, 0.863800, -0.503600, 0.016600 ]
[ 9482 ] [ 0.998300, -0.034600, -0.043100, 0.019100 ] [ 0.001100, 0.864500, -0.502400, 0.014200 ]
[ 9565 ] [ 0.998300, -0.034600, -0.043100, 0.019100 ] [ 0.001100, 0.864500, -0.502400, 0.014200 ]
[ 9664 ] [ 0.998300, -0.034600, -0.043100, 0.019100 ] [ 0.001100, 0.864500, -0.502400, 0.014200 ]
[ 9764 ] [ 0.998300, -0.034600, -0.043100, 0.019100 ] [ 0.001100, 0.864500, -0.502400, 0.014200 ]
[ 9866 ] [ 0.999100, 0.005300, -0.037900, 0.016400 ] [ 0.000500, 0.866200, -0.499500, 0.012400 ]
[ 9974 ] [ 0.999100, 0.005300, -0.037900, 0.016400 ] [ 0.000500, 0.866200, -0.499500, 0.012400 ]
[ 10064 ] [ 0.999100, 0.005300, -0.037900, 0.016400 ] [ 0.000500, 0.866200, -0.499500, 0.012400 ]
[ 10171 ] [ 0.997700, 0.009200, -0.043300, 0.050400 ] [ 0.000800, 0.868300, -0.496100, 0.006500 ]
[ 10271 ] [ 0.997700, 0.009200, -0.043300, 0.050400 ] [ 0.000800, 0.868300, -0.496100, 0.006500 ]
[ 10364 ] [ 0.997700, 0.009200, -0.043300, 0.050400 ] [ 0.000800, 0.868300, -0.496100, 0.006500 ]
[ 10467 ] [ 0.996500, 0.014900, -0.049600, 0.065800 ] [ 0.000400, 0.870200, -0.492700, 0.005200 ]
[ 10567 ] [ 0.996500, 0.014900, -0.049600, 0.065800 ] [ 0.000400, 0.870200, -0.492700, 0.005200 ]
[ 10664 ] [ 0.996500, 0.014900, -0.049600, 0.065800 ] [ 0.000400, 0.870200, -0.492700, 0.005200 ]
[ 10765 ] [ 0.996500, 0.014900, -0.049600, 0.065800 ] [ 0.000400, 0.870200, -0.492700, 0.005200 ]
[ 10880 ] [ 0.995500, 0.020600, -0.080900, 0.044300 ] [ 0.000200, 0.871700, -0.489900, 0.006400 ]
[ 10967 ] [ 0.995500, 0.020600, -0.080900, 0.044300 ] [ 0.000200, 0.871700, -0.489900, 0.006400 ]
[ 11065 ] [ 0.995500, 0.020600, -0.080900, 0.044300 ] [ 0.000200, 0.871700, -0.489900, 0.006400 ]
[ 11165 ] [ 0.995400, 0.024600, -0.083000, 0.041600 ] [ 0.000300, 0.872300, -0.488900, 0.006400 ]
[ 11265 ] [ 0.995400, 0.024600, -0.083000, 0.041600 ] [ 0.000300, 0.872300, -0.488900, 0.006400 ]
[ 11366 ] [ 0.995400, 0.024600, -0.083000, 0.041600 ] [ 0.000300, 0.872300, -0.488900, 0.006400 ]
[ 11467 ] [ 0.995400, 0.024600, -0.083000, 0.041600 ] [ 0.000300, 0.872300, -0.488900, 0.006400 ]
[ 11580 ] [ 0.995600, 0.040100, -0.084000, 0.012600 ] [ -0.009200, 0.873300, -0.487100, 0.004200 ]
[ 11668 ] [ 0.995600, 0.040100, -0.084000, 0.012600 ] [ -0.009200, 0.873300, -0.487100, 0.004200 ]
[ 11767 ] [ 0.995600, 0.040100, -0.084000, 0.012600 ] [ -0.009200, 0.873300, -0.487100, 0.004200 ]
[ 11864 ] [ 0.995300, 0.042800, -0.087000, 0.001400 ] [ -0.056100, 0.871300, -0.486300, 0.034000 ]
[ 11982 ] [ 0.995300, 0.042800, -0.087000, 0.001400 ] [ -0.056100, 0.871300, -0.486300, 0.034000 ]
[ 12071 ] [ 0.995300, 0.042800, -0.087000, 0.001400 ] [ -0.056100, 0.871300, -0.486300, 0.034000 ]
[ 12168 ] [ 0.995000, 0.044600, -0.088900, -0.001300 ] [ -0.420600, 0.786700, -0.392700, 0.223700 ]
[ 12265 ] [ 0.995000, 0.044600, -0.088900, -0.001300 ] [ -0.420600, 0.786700, -0.392700, 0.223700 ]
[ 12364 ] [ 0.995000, 0.044600, -0.088900, -0.001300 ] [ -0.420600, 0.786700, -0.392700, 0.223700 ]
[ 12468 ] [ 0.995000, 0.044600, -0.088900, -0.001300 ] [ -0.420600, 0.786700, -0.392700, 0.223700 ]
[ 12565 ] [ 0.994300, 0.050800, -0.092800, -0.009100 ] [ -0.569200, 0.690500, -0.296900, 0.333300 ]
[ 12664 ] [ 0.994300, 0.050800, -0.092800, -0.009100 ] [ -0.569200, 0.690500, -0.296900, 0.333300 ]
[ 12764 ] [ 0.994300, 0.050800, -0.092800, -0.009100 ] [ -0.569200, 0.690500, -0.296900, 0.333300 ]
[ 12865 ] [ 0.994200, 0.050900, -0.094100, -0.011800 ] [ -0.592700, 0.672800, -0.285500, 0.338400 ]
[ 12966 ] [ 0.994200, 0.050900, -0.094100, -0.011800 ] [ -0.592700, 0.672800, -0.285500, 0.338400 ]
[ 13072 ] [ 0.994200, 0.050900, -0.094100, -0.011800 ] [ -0.592700, 0.672800, -0.285500, 0.338400 ]
[ 13167 ] [ 0.994200, 0.050900, -0.094100, -0.011800 ] [ -0.592700, 0.672800, -0.285500, 0.338400 ]
[ 13266 ] [ 0.993800, 0.051100, -0.096600, -0.018800 ] [ -0.619500, 0.645400, -0.275600, 0.351700 ]
[ 13365 ] [ 0.993800, 0.051100, -0.096600, -0.018800 ] [ -0.619500, 0.645400, -0.275600, 0.351700 ]
[ 13470 ] [ 0.993800, 0.051100, -0.096600, -0.018800 ] [ -0.619500, 0.645400, -0.275600, 0.351700 ]
[ 13576 ] [ 0.993700, 0.051000, -0.097400, -0.021500 ] [ -0.629100, 0.635700, -0.272300, 0.354900 ]
[ 13665 ] [ 0.993700, 0.051000, -0.097400, -0.021500 ] [ -0.629100, 0.635700, -0.272300, 0.354900 ]
[ 13765 ] [ 0.993700, 0.051000, -0.097400, -0.021500 ] [ -0.629100, 0.635700, -0.272300, 0.354900 ]
[ 13864 ] [ 0.993600, 0.051000, -0.098100, -0.024300 ] [ -0.655300, 0.609500, -0.273000, 0.353100 ]
[ 13967 ] [ 0.993600, 0.051000, -0.098100, -0.024300 ] [ -0.655300, 0.609500, -0.273000, 0.353100 ]
[ 14066 ] [ 0.993600, 0.051000, -0.098100, -0.024300 ] [ -0.655300, 0.609500, -0.273000, 0.353100 ]
[ 14177 ] [ 0.993600, 0.051000, -0.098100, -0.024300 ] [ -0.655300, 0.609500, -0.273000, 0.353100 ]
[ 14266 ] [ 0.993200, 0.050200, -0.099400, -0.033700 ] [ -0.523400, 0.709200, -0.355700, 0.310700 ]
[ 14364 ] [ 0.993200, 0.050200, -0.099400, -0.033700 ] [ -0.523400, 0.709200, -0.355700, 0.310700 ]
[ 14467 ] [ 0.993200, 0.050200, -0.099400, -0.033700 ] [ -0.523400, 0.709200, -0.355700, 0.310700 ]
[ 14577 ] [ 0.992900, 0.049300, -0.101000, -0.038700 ] [ -0.219200, 0.830300, -0.488000, 0.156300 ]
[ 14666 ] [ 0.992900, 0.049300, -0.101000, -0.038700 ] [ -0.219200, 0.830300, -0.488000, 0.156300 ]
[ 14764 ] [ 0.992900, 0.049300, -0.101000, -0.038700 ] [ -0.219200, 0.830300, -0.488000, 0.156300 ]
[ 14863 ] [ 0.992900, 0.049300, -0.101000, -0.038700 ] [ -0.219200, 0.830300, -0.488000, 0.156300 ]
[ 14980 ] [ 0.992600, 0.049100, -0.101400, -0.046000 ] [ -0.011600, 0.856800, -0.515100, 0.019600 ]
[ 15068 ] [ 0.992600, 0.049100, -0.101400, -0.046000 ] [ -0.011600, 0.856800, -0.515100, 0.019600 ]
[ 15164 ] [ 0.992600, 0.049100, -0.101400, -0.046000 ] [ -0.011600, 0.856800, -0.515100, 0.019600 ]
[ 15265 ] [ 0.992400, 0.048700, -0.101800, -0.048800 ] [ -0.003300, 0.861600, -0.507400, 0.010800 ]
[ 15364 ] [ 0.992400, 0.048700, -0.101800, -0.048800 ] [ -0.003300, 0.861600, -0.507400, 0.010800 ]
[ 15468 ] [ 0.992400, 0.048700, -0.101800, -0.048800 ] [ -0.003300, 0.861600, -0.507400, 0.010800 ]
[ 15570 ] [ 0.992400, 0.048700, -0.101800, -0.048800 ] [ -0.003300, 0.861600, -0.507400, 0.010800 ]
[ 15667 ] [ 0.992300, 0.048500, -0.101900, -0.051500 ] [ 0.365400, 0.780000, -0.454200, -0.227600 ]
[ 15764 ] [ 0.992300, 0.048500, -0.101900, -0.051500 ] [ 0.365400, 0.780000, -0.454200, -0.227600 ]
[ 15864 ] [ 0.992300, 0.048500, -0.101900, -0.051500 ] [ 0.365400, 0.780000, -0.454200, -0.227600 ]
[ 15967 ] [ 0.991800, 0.045900, -0.104000, -0.058500 ] [ 0.555000, 0.657900, -0.381700, -0.336800 ]
[ 16064 ] [ 0.991800, 0.045900, -0.104000, -0.058500 ] [ 0.555000, 0.657900, -0.381700, -0.336800 ]
[ 16172 ] [ 0.991800, 0.045900, -0.104000, -0.058500 ] [ 0.555000, 0.657900, -0.381700, -0.336800 ]
[ 16265 ] [ 0.991600, 0.045600, -0.104200, -0.061100 ] [ 0.582800, 0.631400, -0.363600, -0.359900 ]
[ 16363 ] [ 0.991600, 0.045600, -0.104200, -0.061100 ] [ 0.582800, 0.631400, -0.363600, -0.359900 ]
[ 16468 ] [ 0.991600, 0.045600, -0.104200, -0.061100 ] [ 0.582800, 0.631400, -0.363600, -0.359900 ]
[ 16564 ] [ 0.991600, 0.045600, -0.104200, -0.061100 ] [ 0.582800, 0.631400, -0.363600, -0.359900 ]
[ 16665 ] [ 0.991500, 0.045300, -0.104400, -0.063700 ] [ 0.603600, 0.608900, -0.353200, -0.374400 ]
[ 16764 ] [ 0.991500, 0.045300, -0.104400, -0.063700 ] [ 0.603600, 0.608900, -0.353200, -0.374400 ]
[ 16864 ] [ 0.991500, 0.045300, -0.104400, -0.063700 ] [ 0.603600, 0.608900, -0.353200, -0.374400 ]
[ 16969 ] [ 0.991000, 0.045500, -0.104400, -0.070800 ] [ 0.570200, 0.653800, -0.361800, -0.341200 ]
[ 17065 ] [ 0.991000, 0.045500, -0.104400, -0.070800 ] [ 0.570200, 0.653800, -0.361800, -0.341200 ]
[ 17173 ] [ 0.991000, 0.045500, -0.104400, -0.070800 ] [ 0.570200, 0.653800, -0.361800, -0.341200 ]
[ 17266 ] [ 0.990800, 0.046200, -0.103900, -0.073600 ] [ 0.372900, 0.797900, -0.427500, -0.204000 ]
[ 17368 ] [ 0.990800, 0.046200, -0.103900, -0.073600 ] [ 0.372900, 0.797900, -0.427500, -0.204000 ]
[ 17468 ] [ 0.990800, 0.046200, -0.103900, -0.073600 ] [ 0.372900, 0.797900, -0.427500, -0.204000 ]
[ 17580 ] [ 0.990800, 0.046200, -0.103900, -0.073600 ] [ 0.372900, 0.797900, -0.427500, -0.204000 ]
[ 17668 ] [ 0.990200, 0.045700, -0.104400, -0.080800 ] [ 0.114900, 0.883000, -0.452700, -0.046700 ]
[ 17765 ] [ 0.990200, 0.045700, -0.104400, -0.080800 ] [ 0.114900, 0.883000, -0.452700, -0.046700 ]
[ 17864 ] [ 0.990200, 0.045700, -0.104400, -0.080800 ] [ 0.114900, 0.883000, -0.452700, -0.046700 ]
[ 17983 ] [ 0.990000, 0.045400, -0.104500, -0.083500 ] [ 0.127700, 0.879200, -0.456000, -0.053500 ]
[ 18068 ] [ 0.990000, 0.045400, -0.104500, -0.083500 ] [ 0.127700, 0.879200, -0.456000, -0.053500 ]
[ 18165 ] [ 0.990000, 0.045400, -0.104500, -0.083500 ] [ 0.127700, 0.879200, -0.456000, -0.053500 ]
[ 18269 ] [ 0.990000, 0.045400, -0.104500, -0.083500 ] [ 0.127700, 0.879200, -0.456000, -0.053500 ]
[ 18366 ] [ 0.989700, 0.045200, -0.104600, -0.086200 ] [ -0.027900, 0.879000, -0.475600, -0.022200 ]
[ 18468 ] [ 0.989700, 0.045200, -0.104600, -0.086200 ] [ -0.027900, 0.879000, -0.475600, -0.022200 ]
[ 18565 ] [ 0.989700, 0.045200, -0.104600, -0.086200 ] [ -0.027900, 0.879000, -0.475600, -0.022200 ]
[ 18666 ] [ 0.988700, 0.044700, -0.105300, -0.096700 ] [ -0.025100, 0.879500, -0.474700, -0.023900 ]
[ 18769 ] [ 0.988700, 0.044700, -0.105300, -0.096700 ] [ -0.025100, 0.879500, -0.474700, -0.023900 ]
[ 18864 ] [ 0.988700, 0.044700, -0.105300, -0.096700 ] [ -0.025100, 0.879500, -0.474700, -0.023900 ]
[ 18969 ] [ 0.987600, 0.044000, -0.105900, -0.106900 ] [ -0.022600, 0.880000, -0.473700, -0.024100 ]
[ 19065 ] [ 0.987600, 0.044000, -0.105900, -0.106900 ] [ -0.022600, 0.880000, -0.473700, -0.024100 ]
[ 19167 ] [ 0.987600, 0.044000, -0.105900, -0.106900 ] [ -0.022600, 0.880000, -0.473700, -0.024100 ]
[ 19268 ] [ 0.987600, 0.044000, -0.105900, -0.106900 ] [ -0.022600, 0.880000, -0.473700, -0.024100 ]
[ 19364 ] [ 0.987600, 0.044000, -0.105900, -0.106900 ] [ -0.022600, 0.880000, -0.473700, -0.024100 ]
[ 19467 ] [ 0.986500, 0.043400, -0.106200, -0.116600 ] [ -0.018500, 0.881000, -0.472000, -0.025900 ]
[ 19565 ] [ 0.986500, 0.043400, -0.106200, -0.116600 ] [ -0.018500, 0.881000, -0.472000, -0.025900 ]
[ 19682 ] [ 0.986500, 0.043400, -0.106200, -0.116600 ] [ -0.018500, 0.881000, -0.472000, -0.025900 ]
[ 19765 ] [ 0.986300, 0.042700, -0.106200, -0.118700 ] [ -0.021000, 0.849000, -0.528000, -0.007000 ]
[ 19865 ] [ 0.986300, 0.042700, -0.106200, -0.118700 ] [ -0.021000, 0.849000, -0.528000, -0.007000 ]
[ 19965 ] [ 0.986300, 0.042700, -0.106200, -0.118700 ] [ -0.021000, 0.849000, -0.528000, -0.007000 ]
[ 20066 ] [ 0.987100, 0.041800, -0.104500, -0.114100 ] [ -0.021400, 0.749700, -0.661400, 0.008000 ]
[ 20167 ] [ 0.987100, 0.041800, -0.104500, -0.114100 ] [ -0.021400, 0.749700, -0.661400, 0.008000 ]
[ 20287 ] [ 0.987100, 0.041800, -0.104500, -0.114100 ] [ -0.021400, 0.749700, -0.661400, 0.008000 ]
[ 20365 ] [ 0.987100, 0.041800, -0.104500, -0.114100 ] [ -0.021400, 0.749700, -0.661400, 0.008000 ]
[ 20466 ] [ 0.986200, 0.039300, -0.106800, -0.120500 ] [ -0.005700, 0.643000, -0.765100, 0.034700 ]
[ 20576 ] [ 0.986200, 0.039300, -0.106800, -0.120500 ] [ -0.005700, 0.643000, -0.765100, 0.034700 ]
[ 20666 ] [ 0.986200, 0.039300, -0.106800, -0.120500 ] [ -0.005700, 0.643000, -0.765100, 0.034700 ]
[ 20766 ] [ 0.985700, 0.038700, -0.108100, -0.123600 ] [ -0.002600, 0.653700, -0.755900, 0.035400 ]
[ 20865 ] [ 0.985700, 0.038700, -0.108100, -0.123600 ] [ -0.002600, 0.653700, -0.755900, 0.035400 ]
[ 20976 ] [ 0.985700, 0.038700, -0.108100, -0.123600 ] [ -0.002600, 0.653700, -0.755900, 0.035400 ]
[ 21070 ] [ 0.985100, 0.038400, -0.108800, -0.127300 ] [ -0.011800, 0.493900, -0.869200, 0.020300 ]
[ 21169 ] [ 0.985100, 0.038400, -0.108800, -0.127300 ] [ -0.011800, 0.493900, -0.869200, 0.020300 ]
[ 21268 ] [ 0.985100, 0.038400, -0.108800, -0.127300 ] [ -0.011800, 0.493900, -0.869200, 0.020300 ]
[ 21365 ] [ 0.985100, 0.038400, -0.108800, -0.127300 ] [ -0.011800, 0.493900, -0.869200, 0.020300 ]
[ 21468 ] [ 0.980200, 0.043700, -0.106600, -0.160800 ] [ -0.012800, 0.425900, -0.904700, 0.008500 ]
[ 21566 ] [ 0.980200, 0.043700, -0.106600, -0.160800 ] [ -0.012800, 0.425900, -0.904700, 0.008500 ]
[ 21664 ] [ 0.980200, 0.043700, -0.106600, -0.160800 ] [ -0.012800, 0.425900, -0.904700, 0.008500 ]
[ 21765 ] [ 0.980100, 0.041500, -0.106600, -0.162200 ] [ -0.012600, 0.434000, -0.900700, 0.012600 ]
[ 21866 ] [ 0.980100, 0.041500, -0.106600, -0.162200 ] [ -0.012600, 0.434000, -0.900700, 0.012600 ]
[ 21969 ] [ 0.980100, 0.041500, -0.106600, -0.162200 ] [ -0.012600, 0.434000, -0.900700, 0.012600 ]
[ 22066 ] [ 0.980100, 0.041500, -0.106600, -0.162200 ] [ -0.012600, 0.434000, -0.900700, 0.012600 ]
[ 22173 ] [ 0.979000, 0.038800, -0.107000, -0.169300 ] [ -0.009100, 0.432400, -0.901600, -0.000000 ]
[ 22267 ] [ 0.979000, 0.038800, -0.107000, -0.169300 ] [ -0.009100, 0.432400, -0.901600, -0.000000 ]
[ 22364 ] [ 0.979000, 0.038800, -0.107000, -0.169300 ] [ -0.009100, 0.432400, -0.901600, -0.000000 ]
[ 22466 ] [ 0.978300, 0.037600, -0.108000, -0.173000 ] [ -0.000600, 0.431300, -0.899500, -0.069300 ]
[ 22565 ] [ 0.978300, 0.037600, -0.108000, -0.173000 ] [ -0.000600, 0.431300, -0.899500, -0.069300 ]
[ 22665 ] [ 0.978300, 0.037600, -0.108000, -0.173000 ] [ -0.000600, 0.431300, -0.899500, -0.069300 ]
[ 22764 ] [ 0.978300, 0.036700, -0.108200, -0.172800 ] [ 0.244400, 0.319800, -0.766500, -0.500500 ]
[ 22864 ] [ 0.978300, 0.036700, -0.108200, -0.172800 ] [ 0.244400, 0.319800, -0.766500, -0.500500 ]
[ 22963 ] [ 0.978300, 0.036700, -0.108200, -0.172800 ] [ 0.244400, 0.319800, -0.766500, -0.500500 ]
[ 23064 ] [ 0.978300, 0.036700, -0.108200, -0.172800 ] [ 0.244400, 0.319800, -0.766500, -0.500500 ]
[ 23167 ] [ 0.978100, 0.034300, -0.108600, -0.174100 ] [ 0.250000, 0.317200, -0.750000, -0.523800 ]
[ 23267 ] [ 0.978100, 0.034300, -0.108600, -0.174100 ] [ 0.250000, 0.317200, -0.750000, -0.523800 ]
[ 23380 ] [ 0.978100, 0.034300, -0.108600, -0.174100 ] [ 0.250000, 0.317200, -0.750000, -0.523800 ]
[ 23465 ] [ 0.977700, 0.034000, -0.108800, -0.176600 ] [ 0.259300, 0.310700, -0.741900, -0.534600 ]
[ 23577 ] [ 0.977700, 0.034000, -0.108800, -0.176600 ] [ 0.259300, 0.310700, -0.741900, -0.534600 ]
[ 23671 ] [ 0.977700, 0.034000, -0.108800, -0.176600 ] [ 0.259300, 0.310700, -0.741900, -0.534600 ]
[ 23764 ] [ 0.977700, 0.034000, -0.108800, -0.176600 ] [ 0.259300, 0.310700, -0.741900, -0.534600 ]
[ 23865 ] [ 0.977200, 0.033700, -0.108900, -0.178900 ] [ 0.244700, 0.344900, -0.789700, -0.444500 ]
[ 23976 ] [ 0.977200, 0.033700, -0.108900, -0.178900 ] [ 0.244700, 0.344900, -0.789700, -0.444500 ]
[ 24075 ] [ 0.977200, 0.033700, -0.108900, -0.178900 ] [ 0.244700, 0.344900, -0.789700, -0.444500 ]
[ 24179 ] [ 0.975600, 0.033400, -0.109300, -0.187600 ] [ 0.208200, 0.381000, -0.835300, -0.337400 ]
[ 24272 ] [ 0.975600, 0.033400, -0.109300, -0.187600 ] [ 0.208200, 0.381000, -0.835300, -0.337400 ]
[ 24380 ] [ 0.975600, 0.033400, -0.109300, -0.187600 ] [ 0.208200, 0.381000, -0.835300, -0.337400 ]
[ 24465 ] [ 0.975600, 0.033400, -0.109300, -0.187600 ] [ 0.208200, 0.381000, -0.835300, -0.337400 ]
[ 24565 ] [ 0.974700, 0.032800, -0.109500, -0.192300 ] [ -0.012300, 0.460000, -0.887700, -0.016800 ]
[ 24666 ] [ 0.974700, 0.032800, -0.109500, -0.192300 ] [ -0.012300, 0.460000, -0.887700, -0.016800 ]
[ 24764 ] [ 0.974700, 0.032800, -0.109500, -0.192300 ] [ -0.012300, 0.460000, -0.887700, -0.016800 ]
[ 24863 ] [ 0.974200, 0.032400, -0.109800, -0.194700 ] [ -0.005800, 0.466000, -0.884700, -0.010300 ]
[ 24970 ] [ 0.974200, 0.032400, -0.109800, -0.194700 ] [ -0.005800, 0.466000, -0.884700, -0.010300 ]
[ 25064 ] [ 0.974200, 0.032400, -0.109800, -0.194700 ] [ -0.005800, 0.466000, -0.884700, -0.010300 ]
[ 25169 ] [ 0.973600, 0.032200, -0.110300, -0.197500 ] [ -0.002200, 0.484800, -0.874600, 0.007800 ]
[ 25264 ] [ 0.973600, 0.032200, -0.110300, -0.197500 ] [ -0.002200, 0.484800, -0.874600, 0.007800 ]
[ 25365 ] [ 0.973600, 0.032200, -0.110300, -0.197500 ] [ -0.002200, 0.484800, -0.874600, 0.007800 ]
[ 25465 ] [ 0.973600, 0.032200, -0.110300, -0.197500 ] [ -0.002200, 0.484800, -0.874600, 0.007800 ]
[ 25565 ] [ 0.972100, 0.031100, -0.110600, -0.204300 ] [ -0.260400, 0.411100, -0.761900, 0.427400 ]
[ 25664 ] [ 0.972100, 0.031100, -0.110600, -0.204300 ] [ -0.260400, 0.411100, -0.761900, 0.427400 ]
[ 25776 ] [ 0.972100, 0.031100, -0.110600, -0.204300 ] [ -0.260400, 0.411100, -0.761900, 0.427400 ]
[ 25863 ] [ 0.972100, 0.031100, -0.110600, -0.204300 ] [ -0.260400, 0.411100, -0.761900, 0.427400 ]
[ 25967 ] [ 0.971100, 0.030500, -0.110700, -0.209400 ] [ -0.320400, 0.383400, -0.687700, 0.526700 ]
[ 26064 ] [ 0.971100, 0.030500, -0.110700, -0.209400 ] [ -0.320400, 0.383400, -0.687700, 0.526700 ]
[ 26169 ] [ 0.971100, 0.030500, -0.110700, -0.209400 ] [ -0.320400, 0.383400, -0.687700, 0.526700 ]
[ 26266 ] [ 0.970500, 0.030200, -0.110800, -0.212000 ] [ -0.331000, 0.376000, -0.664000, 0.555200 ]
[ 26368 ] [ 0.970500, 0.030200, -0.110800, -0.212000 ] [ -0.331000, 0.376000, -0.664000, 0.555200 ]
[ 26471 ] [ 0.970500, 0.030200, -0.110800, -0.212000 ] [ -0.331000, 0.376000, -0.664000, 0.555200 ]
[ 26577 ] [ 0.970500, 0.030200, -0.110800, -0.212000 ] [ -0.331000, 0.376000, -0.664000, 0.555200 ]
[ 26668 ] [ 0.969100, 0.029500, -0.110800, -0.218500 ] [ -0.336900, 0.373400, -0.648700, 0.571200 ]
[ 26768 ] [ 0.969100, 0.029500, -0.110800, -0.218500 ] [ -0.336900, 0.373400, -0.648700, 0.571200 ]
[ 26864 ] [ 0.969100, 0.029500, -0.110800, -0.218500 ] [ -0.336900, 0.373400, -0.648700, 0.571200 ]
[ 26976 ] [ 0.968500, 0.029200, -0.110800, -0.221000 ] [ -0.239800, 0.427700, -0.743500, 0.454700 ]
[ 27074 ] [ 0.968500, 0.029200, -0.110800, -0.221000 ] [ -0.239800, 0.427700, -0.743500, 0.454700 ]
[ 27172 ] [ 0.968500, 0.029200, -0.110800, -0.221000 ] [ -0.239800, 0.427700, -0.743500, 0.454700 ]
[ 27268 ] [ 0.968000, 0.028400, -0.111500, -0.222900 ] [ -0.151400, 0.444600, -0.801600, 0.369900 ]
[ 27366 ] [ 0.968000, 0.028400, -0.111500, -0.222900 ] [ -0.151400, 0.444600, -0.801600, 0.369900 ]
[ 27463 ] [ 0.968000, 0.028400, -0.111500, -0.222900 ] [ -0.151400, 0.444600, -0.801600, 0.369900 ]
[ 27565 ] [ 0.968000, 0.028400, -0.111500, -0.222900 ] [ -0.151400, 0.444600, -0.801600, 0.369900 ]
[ 27666 ] [ 0.966800, 0.028000, -0.111500, -0.228400 ] [ -0.061200, 0.463200, -0.876800, 0.113200 ]
[ 27766 ] [ 0.966800, 0.028000, -0.111500, -0.228400 ] [ -0.061200, 0.463200, -0.876800, 0.113200 ]
[ 27865 ] [ 0.966800, 0.028000, -0.111500, -0.228400 ] [ -0.061200, 0.463200, -0.876800, 0.113200 ]
[ 27967 ] [ 0.966800, 0.028000, -0.111500, -0.228400 ] [ -0.061200, 0.463200, -0.876800, 0.113200 ]
[ 28066 ] [ 0.965900, 0.027300, -0.111600, -0.232200 ] [ -0.047200, 0.468500, -0.878800, 0.078100 ]
[ 28173 ] [ 0.965900, 0.027300, -0.111600, -0.232200 ] [ -0.047200, 0.468500, -0.878800, 0.078100 ]
[ 28268 ] [ 0.965900, 0.027300, -0.111600, -0.232200 ] [ -0.047200, 0.468500, -0.878800, 0.078100 ]
[ 28365 ] [ 0.965000, 0.026400, -0.112000, -0.235700 ] [ -0.015500, 0.468500, -0.882600, 0.035200 ]
[ 28465 ] [ 0.965000, 0.026400, -0.112000, -0.235700 ] [ -0.015500, 0.468500, -0.882600, 0.035200 ]
[ 28565 ] [ 0.965000, 0.026400, -0.112000, -0.235700 ] [ -0.015500, 0.468500, -0.882600, 0.035200 ]
[ 28674 ] [ 0.964300, 0.024900, -0.112900, -0.238300 ] [ -0.057000, 0.547900, -0.833800, 0.036500 ]
[ 28764 ] [ 0.964300, 0.024900, -0.112900, -0.238300 ] [ -0.057000, 0.547900, -0.833800, 0.036500 ]
[ 28865 ] [ 0.964300, 0.024900, -0.112900, -0.238300 ] [ -0.057000, 0.547900, -0.833800, 0.036500 ]
[ 28966 ] [ 0.964300, 0.024900, -0.112900, -0.238300 ] [ -0.057000, 0.547900, -0.833800, 0.036500 ]
[ 29065 ] [ 0.961600, 0.024500, -0.113100, -0.248700 ] [ 0.010500, 0.462100, -0.884000, -0.069600 ]
[ 29168 ] [ 0.961600, 0.024500, -0.113100, -0.248700 ] [ 0.010500, 0.462100, -0.884000, -0.069600 ]
[ 29265 ] [ 0.961600, 0.024500, -0.113100, -0.248700 ] [ 0.010500, 0.462100, -0.884000, -0.069600 ]
[ 29365 ] [ 0.961400, 0.024200, -0.112500, -0.250000 ] [ 0.108200, 0.399600, -0.869500, -0.269500 ]
[ 29466 ] [ 0.961400, 0.024200, -0.112500, -0.250000 ] [ 0.108200, 0.399600, -0.869500, -0.269500 ]
[ 29580 ] [ 0.961400, 0.024200, -0.112500, -0.250000 ] [ 0.108200, 0.399600, -0.869500, -0.269500 ]
[ 29668 ] [ 0.961400, 0.024200, -0.112500, -0.250000 ] [ 0.108200, 0.399600, -0.869500, -0.269500 ]
[ 29766 ] [ 0.959700, 0.023200, -0.112900, -0.256200 ] [ 0.269200, 0.290800, -0.685000, -0.611300 ]
[ 29863 ] [ 0.959700, 0.023200, -0.112900, -0.256200 ] [ 0.269200, 0.290800, -0.685000, -0.611300 ]
[ 29973 ] [ 0.959700, 0.023200, -0.112900, -0.256200 ] [ 0.269200, 0.290800, -0.685000, -0.611300 ]
[ 30067 ] [ 0.959000, 0.022900, -0.113000, -0.258800 ] [ 0.279600, 0.290000, -0.673900, -0.619400 ]
[ 30168 ] [ 0.959000, 0.022900, -0.113000, -0.258800 ] [ 0.279600, 0.290000, -0.673900, -0.619400 ]
[ 30265 ] [ 0.959000, 0.022900, -0.113000, -0.258800 ] [ 0.279600, 0.290000, -0.673900, -0.619400 ]
[ 30366 ] [ 0.958300, 0.022700, -0.113300, -0.261500 ] [ 0.262800, 0.326400, -0.691000, -0.589100 ]
[ 30472 ] [ 0.958300, 0.022700, -0.113300, -0.261500 ] [ 0.262800, 0.326400, -0.691000, -0.589100 ]
[ 30566 ] [ 0.958300, 0.022700, -0.113300, -0.261500 ] [ 0.262800, 0.326400, -0.691000, -0.589100 ]
[ 30669 ] [ 0.958300, 0.022700, -0.113300, -0.261500 ] [ 0.262800, 0.326400, -0.691000, -0.589100 ]
[ 30765 ] [ 0.956400, 0.025000, -0.113300, -0.268100 ] [ 0.076000, 0.423700, -0.866900, -0.251300 ]
[ 30865 ] [ 0.956400, 0.025000, -0.113300, -0.268100 ] [ 0.076000, 0.423700, -0.866900, -0.251300 ]
[ 30969 ] [ 0.956400, 0.025000, -0.113300, -0.268100 ] [ 0.076000, 0.423700, -0.866900, -0.251300 ]
[ 31073 ] [ 0.956400, 0.025000, -0.113300, -0.268100 ] [ 0.076000, 0.423700, -0.866900, -0.251300 ]
[ 31171 ] [ 0.955400, 0.023500, -0.113400, -0.271700 ] [ -0.002200, 0.462800, -0.883200, -0.076300 ]
[ 31265 ] [ 0.955400, 0.023500, -0.113400, -0.271700 ] [ -0.002200, 0.462800, -0.883200, -0.076300 ]
[ 31368 ] [ 0.955400, 0.023500, -0.113400, -0.271700 ] [ -0.002200, 0.462800, -0.883200, -0.076300 ]
[ 31467 ] [ 0.955000, 0.022600, -0.113500, -0.273100 ] [ -0.007400, 0.511500, -0.859200, -0.011600 ]
[ 31564 ] [ 0.955000, 0.022600, -0.113500, -0.273100 ] [ -0.007400, 0.511500, -0.859200, -0.011600 ]
[ 31667 ] [ 0.955000, 0.022600, -0.113500, -0.273100 ] [ -0.007400, 0.511500, -0.859200, -0.011600 ]
[ 31774 ] [ 0.954200, 0.022300, -0.113500, -0.275700 ] [ -0.006400, 0.528000, -0.849200, -0.006700 ]
[ 31878 ] [ 0.954200, 0.022300, -0.113500, -0.275700 ] [ -0.006400, 0.528000, -0.849200, -0.006700 ]
[ 31966 ] [ 0.954200, 0.022300, -0.113500, -0.275700 ] [ -0.006400, 0.528000, -0.849200, -0.006700 ]
[ 32064 ] [ 0.954200, 0.022300, -0.113500, -0.275700 ] [ -0.006400, 0.528000, -0.849200, -0.006700 ]
[ 32169 ] [ 0.951500, 0.019900, -0.115300, -0.284700 ] [ -0.203100, 0.467400, -0.827600, 0.235200 ]
[ 32265 ] [ 0.951500, 0.019900, -0.115300, -0.284700 ] [ -0.203100, 0.467400, -0.827600, 0.235200 ]
[ 32367 ] [ 0.951500, 0.019900, -0.115300, -0.284700 ] [ -0.203100, 0.467400, -0.827600, 0.235200 ]
[ 32469 ] [ 0.951500, 0.019900, -0.115300, -0.284700 ] [ -0.203100, 0.467400, -0.827600, 0.235200 ]
[ 32580 ] [ 0.949500, 0.020000, -0.115000, -0.291300 ] [ -0.369300, 0.407400, -0.709600, 0.440600 ]
[ 32665 ] [ 0.949500, 0.020000, -0.115000, -0.291300 ] [ -0.369300, 0.407400, -0.709600, 0.440600 ]
[ 32765 ] [ 0.949500, 0.020000, -0.115000, -0.291300 ] [ -0.369300, 0.407400, -0.709600, 0.440600 ]
[ 32866 ] [ 0.948700, 0.019600, -0.114900, -0.293900 ] [ -0.368400, 0.410400, -0.703800, 0.447900 ]
[ 32978 ] [ 0.948700, 0.019600, -0.114900, -0.293900 ] [ -0.368400, 0.410400, -0.703800, 0.447900 ]
[ 33066 ] [ 0.948700, 0.019600, -0.114900, -0.293900 ] [ -0.368400, 0.410400, -0.703800, 0.447900 ]
[ 33171 ] [ 0.947900, 0.019200, -0.114700, -0.296400 ] [ -0.386700, 0.397700, -0.682900, 0.475300 ]
[ 33265 ] [ 0.947900, 0.019200, -0.114700, -0.296400 ] [ -0.386700, 0.397700, -0.682900, 0.475300 ]
[ 33368 ] [ 0.947900, 0.019200, -0.114700, -0.296400 ] [ -0.386700, 0.397700, -0.682900, 0.475300 ]
[ 33464 ] [ 0.947900, 0.019200, -0.114700, -0.296400 ] [ -0.386700, 0.397700, -0.682900, 0.475300 ]
[ 33570 ] [ 0.946100, 0.017800, -0.115100, -0.302200 ] [ -0.387900, 0.399200, -0.678700, 0.479100 ]
[ 33664 ] [ 0.946100, 0.017800, -0.115100, -0.302200 ] [ -0.387900, 0.399200, -0.678700, 0.479100 ]
[ 33765 ] [ 0.946100, 0.017800, -0.115100, -0.302200 ] [ -0.387900, 0.399200, -0.678700, 0.479100 ]
[ 33868 ] [ 0.946000, 0.017300, -0.114600, -0.302900 ] [ -0.249100, 0.426500, -0.791100, 0.360800 ]
[ 33967 ] [ 0.946000, 0.017300, -0.114600, -0.302900 ] [ -0.249100, 0.426500, -0.791100, 0.360800 ]
[ 34066 ] [ 0.946000, 0.017300, -0.114600, -0.302900 ] [ -0.249100, 0.426500, -0.791100, 0.360800 ]
[ 34176 ] [ 0.946000, 0.017300, -0.114600, -0.302900 ] [ -0.249100, 0.426500, -0.791100, 0.360800 ]
[ 34266 ] [ 0.944500, 0.016600, -0.114400, -0.307500 ] [ -0.234600, 0.409900, -0.823500, 0.314400 ]
[ 34367 ] [ 0.944500, 0.016600, -0.114400, -0.307500 ] [ -0.234600, 0.409900, -0.823500, 0.314400 ]
[ 34465 ] [ 0.944500, 0.016600, -0.114400, -0.307500 ] [ -0.234600, 0.409900, -0.823500, 0.314400 ]
[ 34569 ] [ 0.943700, 0.015900, -0.114900, -0.309900 ] [ -0.263800, 0.428700, -0.833200, 0.228800 ]
[ 34664 ] [ 0.943700, 0.015900, -0.114900, -0.309900 ] [ -0.263800, 0.428700, -0.833200, 0.228800 ]
[ 34764 ] [ 0.943700, 0.015900, -0.114900, -0.309900 ] [ -0.263800, 0.428700, -0.833200, 0.228800 ]
[ 34864 ] [ 0.943700, 0.015900, -0.114900, -0.309900 ] [ -0.263800, 0.428700, -0.833200, 0.228800 ]
[ 34966 ] [ 0.941900, 0.015300, -0.115200, -0.315100 ] [ 0.034400, 0.574400, -0.817200, 0.034100 ]
[ 35065 ] [ 0.941900, 0.015300, -0.115200, -0.315100 ] [ 0.034400, 0.574400, -0.817200, 0.034100 ]
[ 35170 ] [ 0.941900, 0.015300, -0.115200, -0.315100 ] [ 0.034400, 0.574400, -0.817200, 0.034100 ]
[ 35267 ] [ 0.941300, 0.015000, -0.114900, -0.317200 ] [ 0.034700, 0.554500, -0.831400, -0.007600 ]
[ 35365 ] [ 0.941300, 0.015000, -0.114900, -0.317200 ] [ 0.034700, 0.554500, -0.831400, -0.007600 ]
[ 35465 ] [ 0.941300, 0.015000, -0.114900, -0.317200 ] [ 0.034700, 0.554500, -0.831400, -0.007600 ]
[ 35575 ] [ 0.941300, 0.015000, -0.114900, -0.317200 ] [ 0.034700, 0.554500, -0.831400, -0.007600 ]
[ 35668 ] [ 0.939200, 0.014100, -0.114900, -0.323200 ] [ 0.192600, 0.444200, -0.785400, -0.385800 ]
[ 35764 ] [ 0.939200, 0.014100, -0.114900, -0.323200 ] [ 0.192600, 0.444200, -0.785400, -0.385800 ]
[ 35865 ] [ 0.939200, 0.014100, -0.114900, -0.323200 ] [ 0.192600, 0.444200, -0.785400, -0.385800 ]
[ 35974 ] [ 0.938600, 0.013800, -0.115200, -0.324900 ] [ 0.315200, 0.365300, -0.667500, -0.567100 ]
[ 36068 ] [ 0.938600, 0.013800, -0.115200, -0.324900 ] [ 0.315200, 0.365300, -0.667500, -0.567100 ]
[ 36170 ] [ 0.938600, 0.013800, -0.115200, -0.324900 ] [ 0.315200, 0.365300, -0.667500, -0.567100 ]
[ 36266 ] [ 0.937600, 0.013500, -0.115300, -0.327600 ] [ 0.345800, 0.362500, -0.625300, -0.598400 ]
[ 36365 ] [ 0.937600, 0.013500, -0.115300, -0.327600 ] [ 0.345800, 0.362500, -0.625300, -0.598400 ]
[ 36465 ] [ 0.937600, 0.013500, -0.115300, -0.327600 ] [ 0.345800, 0.362500, -0.625300, -0.598400 ]
[ 36566 ] [ 0.937600, 0.013500, -0.115300, -0.327600 ] [ 0.345800, 0.362500, -0.625300, -0.598400 ]
[ 36673 ] [ 0.935100, 0.012800, -0.115400, -0.334800 ] [ 0.327200, 0.391200, -0.648100, -0.565700 ]
[ 36764 ] [ 0.935100, 0.012800, -0.115400, -0.334800 ] [ 0.327200, 0.391200, -0.648100, -0.565700 ]
[ 36865 ] [ 0.935100, 0.012800, -0.115400, -0.334800 ] [ 0.327200, 0.391200, -0.648100, -0.565700 ]
[ 36967 ] [ 0.934500, 0.013000, -0.115100, -0.336500 ] [ 0.182600, 0.453100, -0.798700, -0.351200 ]
[ 37065 ] [ 0.934500, 0.013000, -0.115100, -0.336500 ] [ 0.182600, 0.453100, -0.798700, -0.351200 ]
[ 37168 ] [ 0.934500, 0.013000, -0.115100, -0.336500 ] [ 0.182600, 0.453100, -0.798700, -0.351200 ]
[ 37264 ] [ 0.934500, 0.013000, -0.115100, -0.336500 ] [ 0.182600, 0.453100, -0.798700, -0.351200 ]
[ 37371 ] [ 0.932000, 0.014800, -0.114600, -0.343600 ] [ 0.088700, 0.516100, -0.834100, -0.173600 ]
[ 37465 ] [ 0.932000, 0.014800, -0.114600, -0.343600 ] [ 0.088700, 0.516100, -0.834100, -0.173600 ]
[ 37567 ] [ 0.932000, 0.014800, -0.114600, -0.343600 ] [ 0.088700, 0.516100, -0.834100, -0.173600 ]
[ 37666 ] [ 0.931200, 0.013800, -0.115000, -0.345600 ] [ 0.008000, 0.563500, -0.825800, -0.019600 ]
[ 37770 ] [ 0.931200, 0.013800, -0.115000, -0.345600 ] [ 0.008000, 0.563500, -0.825800, -0.019600 ]
[ 37866 ] [ 0.931200, 0.013800, -0.115000, -0.345600 ] [ 0.008000, 0.563500, -0.825800, -0.019600 ]
[ 37989 ] [ 0.931200, 0.013800, -0.115000, -0.345600 ] [ 0.008000, 0.563500, -0.825800, -0.019600 ]
[ 38070 ] [ 0.930300, 0.013200, -0.115000, -0.348100 ] [ -0.014800, 0.564700, -0.825100, -0.010100 ]
[ 38169 ] [ 0.930300, 0.013200, -0.115000, -0.348100 ] [ -0.014800, 0.564700, -0.825100, -0.010100 ]
[ 38267 ] [ 0.930300, 0.013200, -0.115000, -0.348100 ] [ -0.014800, 0.564700, -0.825100, -0.010100 ]
[ 38366 ] [ 0.927100, 0.011500, -0.115700, -0.356400 ] [ -0.093600, 0.532300, -0.837200, 0.083800 ]
[ 38465 ] [ 0.927100, 0.011500, -0.115700, -0.356400 ] [ -0.093600, 0.532300, -0.837200, 0.083800 ]
[ 38576 ] [ 0.927100, 0.011500, -0.115700, -0.356400 ] [ -0.093600, 0.532300, -0.837200, 0.083800 ]
[ 38665 ] [ 0.924700, 0.012100, -0.116000, -0.362300 ] [ -0.460800, 0.387500, -0.620600, 0.502400 ]
[ 38766 ] [ 0.924700, 0.012100, -0.116000, -0.362300 ] [ -0.460800, 0.387500, -0.620600, 0.502400 ]
[ 38866 ] [ 0.924700, 0.012100, -0.116000, -0.362300 ] [ -0.460800, 0.387500, -0.620600, 0.502400 ]
[ 38983 ] [ 0.924700, 0.012100, -0.116000, -0.362300 ] [ -0.460800, 0.387500, -0.620600, 0.502400 ]
[ 39073 ] [ 0.923700, 0.011400, -0.116100, -0.364800 ] [ -0.455700, 0.391600, -0.619500, 0.505100 ]
[ 39164 ] [ 0.923700, 0.011400, -0.116100, -0.364800 ] [ -0.455700, 0.391600, -0.619500, 0.505100 ]
[ 39263 ] [ 0.923700, 0.011400, -0.116100, -0.364800 ] [ -0.455700, 0.391600, -0.619500, 0.505100 ]
[ 39368 ] [ 0.923700, 0.011400, -0.116100, -0.364800 ] [ -0.455700, 0.391600, -0.619500, 0.505100 ]
[ 39468 ] [ 0.921000, 0.010800, -0.115000, -0.372000 ] [ -0.258600, 0.464600, -0.787500, 0.311600 ]
[ 39568 ] [ 0.921000, 0.010800, -0.115000, -0.372000 ] [ -0.258600, 0.464600, -0.787500, 0.311600 ]
[ 39665 ] [ 0.921000, 0.010800, -0.115000, -0.372000 ] [ -0.258600, 0.464600, -0.787500, 0.311600 ]
[ 39766 ] [ 0.920600, 0.009700, -0.115300, -0.373000 ] [ -0.057300, 0.516300, -0.848900, 0.097300 ]
[ 39863 ] [ 0.920600, 0.009700, -0.115300, -0.373000 ] [ -0.057300, 0.516300, -0.848900, 0.097300 ]
[ 39969 ] [ 0.920600, 0.009700, -0.115300, -0.373000 ] [ -0.057300, 0.516300, -0.848900, 0.097300 ]
[ 40066 ] [ 0.918100, 0.007500, -0.116800, -0.378700 ] [ -0.013300, 0.584400, -0.809500, 0.055300 ]
[ 40174 ] [ 0.918100, 0.007500, -0.116800, -0.378700 ] [ -0.013300, 0.584400, -0.809500, 0.055300 ]
[ 40266 ] [ 0.918100, 0.007500, -0.116800, -0.378700 ] [ -0.013300, 0.584400, -0.809500, 0.055300 ]
[ 40367 ] [ 0.918100, 0.007500, -0.116800, -0.378700 ] [ -0.013300, 0.584400, -0.809500, 0.055300 ]
[ 40469 ] [ 0.917400, 0.007200, -0.116600, -0.380500 ] [ -0.009200, 0.603100, -0.795700, 0.054300 ]
[ 40568 ] [ 0.917400, 0.007200, -0.116600, -0.380500 ] [ -0.009200, 0.603100, -0.795700, 0.054300 ]
[ 40676 ] [ 0.917400, 0.007200, -0.116600, -0.380500 ] [ -0.009200, 0.603100, -0.795700, 0.054300 ]
[ 40765 ] [ 0.916300, 0.005900, -0.117200, -0.382900 ] [ -0.007700, 0.604500, -0.794600, 0.055000 ]
[ 40864 ] [ 0.916300, 0.005900, -0.117200, -0.382900 ] [ -0.007700, 0.604500, -0.794600, 0.055000 ]
[ 40965 ] [ 0.916300, 0.005900, -0.117200, -0.382900 ] [ -0.007700, 0.604500, -0.794600, 0.055000 ]
[ 41063 ] [ 0.916300, 0.005900, -0.117200, -0.382900 ] [ -0.007700, 0.604500, -0.794600, 0.055000 ]
[ 41166 ] [ 0.913100, 0.002100, -0.118600, -0.390000 ] [ -0.004500, 0.609300, -0.791000, 0.055100 ]
[ 41263 ] [ 0.913100, 0.002100, -0.118600, -0.390000 ] [ -0.004500, 0.609300, -0.791000, 0.055100 ]
[ 41362 ] [ 0.913100, 0.002100, -0.118600, -0.390000 ] [ -0.004500, 0.609300, -0.791000, 0.055100 ]
[ 41466 ] [ 0.910900, 0.000300, -0.119500, -0.394900 ] [ -0.003400, 0.610600, -0.790000, 0.055200 ]
[ 41579 ] [ 0.910900, 0.000300, -0.119500, -0.394900 ] [ -0.003400, 0.610600, -0.790000, 0.055200 ]
[ 41667 ] [ 0.910900, 0.000300, -0.119500, -0.394900 ] [ -0.003400, 0.610600, -0.790000, 0.055200 ]
[ 41765 ] [ 0.909900, -0.000100, -0.119400, -0.397200 ] [ -0.002600, 0.611800, -0.789100, 0.055200 ]
[ 41865 ] [ 0.909900, -0.000100, -0.119400, -0.397200 ] [ -0.002600, 0.611800, -0.789100, 0.055200 ]
