[ 2432 ] [ 0.929200, 0.004300, -0.119300, -0.349600 ] [ 0.040100, -0.768400, -0.638600, -0.010200 ]
[ 2548 ] [ 0.928400, 0.003900, -0.119300, -0.352000 ] [ 0.040100, -0.767700, -0.639400, -0.010200 ]
[ 2625 ] [ 0.927500, 0.003800, -0.119200, -0.354400 ] [ 0.040100, -0.767100, -0.640200, -0.010100 ]
[ 2814 ] [ 0.925000, 0.002900, -0.119600, -0.360700 ] [ 0.040000, -0.765200, -0.642400, -0.010100 ]
[ 2870 ] [ 0.924000, 0.002500, -0.119500, -0.363100 ] [ 0.040000, -0.764500, -0.643300, -0.010100 ]
[ 2911 ] [ 0.921700, 0.001200, -0.119600, -0.369000 ] [ 0.040400, -0.762700, -0.645500, -0.010100 ]
[ 3012 ] [ 0.920800, 0.001300, -0.119400, -0.371400 ] [ 0.040000, -0.762000, -0.646300, -0.010000 ]
[ 3083 ] [ 0.919200, 0.000900, -0.119200, -0.375400 ] [ 0.039900, -0.761300, -0.647100, -0.009900 ]
[ 3185 ] [ 0.918300, 0.000700, -0.119000, -0.377700 ] [ 0.039900, -0.759500, -0.649200, -0.009900 ]
[ 3283 ] [ 0.917300, 0.000500, -0.119000, -0.380100 ] [ 0.040000, -0.758700, -0.650100, -0.009800 ]
[ 3382 ] [ 0.917300, 0.000500, -0.119000, -0.380100 ] [ 0.040000, -0.758700, -0.650100, -0.009800 ]
[ 3479 ] [ 0.917300, 0.000500, -0.119000, -0.380100 ] [ 0.040000, -0.758700, -0.650100, -0.009800 ]
[ 3593 ] [ 0.917300, 0.000500, -0.119000, -0.380100 ] [ 0.040000, -0.758700, -0.650100, -0.009800 ]
[ 3685 ] [ 0.914700, -0.000300, -0.119000, -0.386200 ] [ 0.040100, -0.757000, -0.652100, -0.009100 ]
[ 3780 ] [ 0.914700, -0.000300, -0.119000, -0.386200 ] [ 0.040100, -0.757000, -0.652100, -0.009100 ]
[ 3879 ] [ 0.914700, -0.000300, -0.119000, -0.386200 ] [ 0.040100, -0.757000, -0.652100, -0.009100 ]
[ 3991 ] [ 0.913700, -0.000500, -0.119000, -0.388600 ] [ 0.037100, -0.755100, -0.654300, -0.017100 ]
[ 4079 ] [ 0.913700, -0.000500, -0.119000, -0.388600 ] [ 0.037100, -0.755100, -0.654300, -0.017100 ]
[ 4179 ] [ 0.913700, -0.000500, -0.119000, -0.388600 ] [ 0.037100, -0.755100, -0.654300, -0.017100 ]
[ 4280 ] [ 0.910900, -0.001100, -0.119000, -0.395100 ] [ 0.010600, -0.758000, -0.652000, -0.017200 ]
[ 4379 ] [ 0.910900, -0.001100, -0.119000, -0.395100 ] [ 0.010600, -0.758000, -0.652000, -0.017200 ]
[ 4476 ] [ 0.910900, -0.001100, -0.119000, -0.395100 ] [ 0.010600, -0.758000, -0.652000, -0.017200 ]
[ 4582 ] [ 0.910900, -0.001100, -0.119000, -0.395100 ] [ 0.010600, -0.758000, -0.652000, -0.017200 ]
[ 4682 ] [ 0.909900, -0.001400, -0.119000, -0.397500 ] [ -0.365300, -0.705200, -0.529000, -0.298900 ]
[ 4780 ] [ 0.909900, -0.001400, -0.119000, -0.397500 ] [ -0.365300, -0.705200, -0.529000, -0.298900 ]
[ 4879 ] [ 0.909900, -0.001400, -0.119000, -0.397500 ] [ -0.365300, -0.705200, -0.529000, -0.298900 ]
[ 4985 ] [ 0.908800, -0.001800, -0.118800, -0.399800 ] [ -0.449800, -0.649600, -0.494500, -0.362200 ]
[ 5080 ] [ 0.908800, -0.001800, -0.118800, -0.399800 ] [ -0.449800, -0.649600, -0.494500, -0.362200 ]
[ 5178 ] [ 0.908800, -0.001800, -0.118800, -0.399800 ] [ -0.449800, -0.649600, -0.494500, -0.362200 ]
[ 5278 ] [ 0.908800, -0.001800, -0.118800, -0.399800 ] [ -0.449800, -0.649600, -0.494500, -0.362200 ]
[ 5379 ] [ 0.906100, -0.002800, -0.118800, -0.406100 ] [ -0.532300, -0.565900, -0.456900, -0.433100 ]
[ 5478 ] [ 0.906100, -0.002800, -0.118800, -0.406100 ] [ -0.532300, -0.565900, -0.456900, -0.433100 ]
[ 5591 ] [ 0.906100, -0.002800, -0.118800, -0.406100 ] [ -0.532300, -0.565900, -0.456900, -0.433100 ]
[ 5684 ] [ 0.905000, -0.003000, -0.118700, -0.408400 ] [ -0.496100, -0.580100, -0.487600, -0.423800 ]
[ 5780 ] [ 0.905000, -0.003000, -0.118700, -0.408400 ] [ -0.496100, -0.580100, -0.487600, -0.423800 ]
[ 5880 ] [ 0.905000, -0.003000, -0.118700, -0.408400 ] [ -0.496100, -0.580100, -0.487600, -0.423800 ]
[ 5979 ] [ 0.905000, -0.003000, -0.118700, -0.408400 ] [ -0.496100, -0.580100, -0.487600, -0.423800 ]
[ 6080 ] [ 0.902600, -0.003600, -0.118700, -0.413900 ] [ -0.264300, -0.655600, -0.649300, -0.280700 ]
[ 6178 ] [ 0.902600, -0.003600, -0.118700, -0.413900 ] [ -0.264300, -0.655600, -0.649300, -0.280700 ]
[ 6279 ] [ 0.902600, -0.003600, -0.118700, -0.413900 ] [ -0.264300, -0.655600, -0.649300, -0.280700 ]
[ 6380 ] [ 0.901500, -0.003900, -0.118700, -0.416100 ] [ -0.028900, -0.775600, -0.627500, -0.062400 ]
[ 6479 ] [ 0.901500, -0.003900, -0.118700, -0.416100 ] [ -0.028900, -0.775600, -0.627500, -0.062400 ]
[ 6582 ] [ 0.901500, -0.003900, -0.118700, -0.416100 ] [ -0.028900, -0.775600, -0.627500, -0.062400 ]
[ 6681 ] [ 0.900500, -0.004200, -0.118700, -0.418400 ] [ 0.007000, -0.766300, -0.641700, -0.030000 ]
[ 6779 ] [ 0.900500, -0.004200, -0.118700, -0.418400 ] [ 0.007000, -0.766300, -0.641700, -0.030000 ]
[ 6877 ] [ 0.900500, -0.004200, -0.118700, -0.418400 ] [ 0.007000, -0.766300, -0.641700, -0.030000 ]
[ 7003 ] [ 0.900500, -0.004200, -0.118700, -0.418400 ] [ 0.007000, -0.766300, -0.641700, -0.030000 ]
[ 7090 ] [ 0.897100, -0.004300, -0.118500, -0.425600 ] [ 0.176600, -0.710800, -0.645400, 0.216900 ]
[ 7179 ] [ 0.897100, -0.004300, -0.118500, -0.425600 ] [ 0.176600, -0.710800, -0.645400, 0.216900 ]
[ 7278 ] [ 0.897100, -0.004300, -0.118500, -0.425600 ] [ 0.176600, -0.710800, -0.645400, 0.216900 ]
[ 7380 ] [ 0.895600, -0.004200, -0.118300, -0.428900 ] [ 0.281700, -0.648400, -0.609000, 0.359600 ]
[ 7480 ] [ 0.895600, -0.004200, -0.118300, -0.428900 ] [ 0.281700, -0.648400, -0.609000, 0.359600 ]
[ 7584 ] [ 0.895600, -0.004200, -0.118300, -0.428900 ] [ 0.281700, -0.648400, -0.609000, 0.359600 ]
[ 7685 ] [ 0.895600, -0.004200, -0.118300, -0.428900 ] [ 0.281700, -0.648400, -0.609000, 0.359600 ]
[ 7780 ] [ 0.893000, -0.001900, -0.116300, -0.434800 ] [ 0.359000, -0.586900, -0.583900, 0.430900 ]
[ 7892 ] [ 0.893000, -0.001900, -0.116300, -0.434800 ] [ 0.359000, -0.586900, -0.583900, 0.430900 ]
[ 7981 ] [ 0.893000, -0.001900, -0.116300, -0.434800 ] [ 0.359000, -0.586900, -0.583900, 0.430900 ]
[ 8078 ] [ 0.892200, -0.002500, -0.116200, -0.436400 ] [ 0.533200, -0.529400, -0.510500, 0.418100 ]
[ 8183 ] [ 0.892200, -0.002500, -0.116200, -0.436400 ] [ 0.533200, -0.529400, -0.510500, 0.418100 ]
[ 8280 ] [ 0.892200, -0.002500, -0.116200, -0.436400 ] [ 0.533200, -0.529400, -0.510500, 0.418100 ]
[ 8381 ] [ 0.891200, -0.003100, -0.116500, -0.438400 ] [ 0.559000, -0.505900, -0.473100, 0.455900 ]
[ 8478 ] [ 0.891200, -0.003100, -0.116500, -0.438400 ] [ 0.559000, -0.505900, -0.473100, 0.455900 ]
[ 8585 ] [ 0.891200, -0.003100, -0.116500, -0.438400 ] [ 0.559000, -0.505900, -0.473100, 0.455900 ]
[ 8680 ] [ 0.891200, -0.003100, -0.116500, -0.438400 ] [ 0.559000, -0.505900, -0.473100, 0.455900 ]
[ 8781 ] [ 0.888500, -0.003000, -0.115900, -0.444100 ] [ 0.529700, -0.552200, -0.477800, 0.431500 ]
[ 8887 ] [ 0.888500, -0.003000, -0.115900, -0.444100 ] [ 0.529700, -0.552200, -0.477800, 0.431500 ]
[ 8981 ] [ 0.888500, -0.003000, -0.115900, -0.444100 ] [ 0.529700, -0.552200, -0.477800, 0.431500 ]
[ 9081 ] [ 0.887500, -0.004300, -0.116400, -0.445800 ] [ 0.322100, -0.713300, -0.552200, 0.287300 ]
[ 9178 ] [ 0.887500, -0.004300, -0.116400, -0.445800 ] [ 0.322100, -0.713300, -0.552200, 0.287300 ]
[ 9286 ] [ 0.887500, -0.004300, -0.116400, -0.445800 ] [ 0.322100, -0.713300, -0.552200, 0.287300 ]
[ 9382 ] [ 0.887500, -0.004300, -0.116400, -0.445800 ] [ 0.322100, -0.713300, -0.552200, 0.287300 ]
[ 9480 ] [ 0.887200, -0.006500, -0.117000, -0.446300 ] [ 0.117000, -0.804700, -0.579800, 0.051000 ]
[ 9587 ] [ 0.887200, -0.006500, -0.117000, -0.446300 ] [ 0.117000, -0.804700, -0.579800, 0.051000 ]
[ 9687 ] [ 0.887200, -0.006500, -0.117000, -0.446300 ] [ 0.117000, -0.804700, -0.579800, 0.051000 ]
[ 9781 ] [ 0.895600, -0.004600, -0.113400, -0.430200 ] [ 0.042800, -0.799200, -0.599200, -0.019600 ]
[ 9882 ] [ 0.895600, -0.004600, -0.113400, -0.430200 ] [ 0.042800, -0.799200, -0.599200, -0.019600 ]
[ 9990 ] [ 0.895600, -0.004600, -0.113400, -0.430200 ] [ 0.042800, -0.799200, -0.599200, -0.019600 ]
[ 10085 ] [ 0.895100, -0.003400, -0.108800, -0.432300 ] [ -0.019600, -0.787900, -0.613500, -0.049600 ]
[ 10178 ] [ 0.895100, -0.003400, -0.108800, -0.432300 ] [ -0.019600, -0.787900, -0.613500, -0.049600 ]
[ 10282 ] [ 0.895100, -0.003400, -0.108800, -0.432300 ] [ -0.019600, -0.787900, -0.613500, -0.049600 ]
[ 10381 ] [ 0.895100, -0.003400, -0.108800, -0.432300 ] [ -0.019600, -0.787900, -0.613500, -0.049600 ]
[ 10480 ] [ 0.890600, -0.002600, -0.109900, -0.441200 ] [ -0.518300, -0.610000, -0.422300, -0.425300 ]
[ 10584 ] [ 0.890600, -0.002600, -0.109900, -0.441200 ] [ -0.518300, -0.610000, -0.422300, -0.425300 ]
[ 10680 ] [ 0.890600, -0.002600, -0.109900, -0.441200 ] [ -0.518300, -0.610000, -0.422300, -0.425300 ]
[ 10782 ] [ 0.889500, -0.002800, -0.110400, -0.443500 ] [ -0.532400, -0.588300, -0.406900, -0.452600 ]
[ 10878 ] [ 0.889500, -0.002800, -0.110400, -0.443500 ] [ -0.532400, -0.588300, -0.406900, -0.452600 ]
[ 10988 ] [ 0.889500, -0.002800, -0.110400, -0.443500 ] [ -0.532400, -0.588300, -0.406900, -0.452600 ]
[ 11099 ] [ 0.889500, -0.002800, -0.110400, -0.443500 ] [ -0.532400, -0.588300, -0.406900, -0.452600 ]
[ 11180 ] [ 0.888300, -0.003000, -0.110700, -0.445700 ] [ -0.537200, -0.581200, -0.405400, -0.457400 ]
[ 11287 ] [ 0.888300, -0.003000, -0.110700, -0.445700 ] [ -0.537200, -0.581200, -0.405400, -0.457400 ]
[ 11382 ] [ 0.888300, -0.003000, -0.110700, -0.445700 ] [ -0.537200, -0.581200, -0.405400, -0.457400 ]
[ 11477 ] [ 0.885500, -0.003400, -0.111900, -0.451000 ] [ -0.456800, -0.611500, -0.499400, -0.410000 ]
[ 11589 ] [ 0.885500, -0.003400, -0.111900, -0.451000 ] [ -0.456800, -0.611500, -0.499400, -0.410000 ]
[ 11686 ] [ 0.885500, -0.003400, -0.111900, -0.451000 ] [ -0.456800, -0.611500, -0.499400, -0.410000 ]
[ 11778 ] [ 0.885500, -0.003400, -0.111900, -0.451000 ] [ -0.456800, -0.611500, -0.499400, -0.410000 ]
[ 11880 ] [ 0.884200, -0.003300, -0.112500, -0.453400 ] [ -0.180300, -0.677900, -0.685200, -0.195800 ]
[ 11986 ] [ 0.884200, -0.003300, -0.112500, -0.453400 ] [ -0.180300, -0.677900, -0.685200, -0.195800 ]
[ 12080 ] [ 0.884200, -0.003300, -0.112500, -0.453400 ] [ -0.180300, -0.677900, -0.685200, -0.195800 ]
[ 12177 ] [ 0.884200, -0.003300, -0.112500, -0.453400 ] [ -0.180300, -0.677900, -0.685200, -0.195800 ]
[ 12283 ] [ 0.881000, -0.003700, -0.111900, -0.459800 ] [ 0.004600, -0.646400, -0.762900, -0.008200 ]
[ 12381 ] [ 0.881000, -0.003700, -0.111900, -0.459800 ] [ 0.004600, -0.646400, -0.762900, -0.008200 ]
[ 12478 ] [ 0.881000, -0.003700, -0.111900, -0.459800 ] [ 0.004600, -0.646400, -0.762900, -0.008200 ]
[ 12588 ] [ 0.879800, -0.004000, -0.112000, -0.462000 ] [ 0.005300, -0.645500, -0.763700, -0.007300 ]
[ 12685 ] [ 0.879800, -0.004000, -0.112000, -0.462000 ] [ 0.005300, -0.645500, -0.763700, -0.007300 ]
[ 12779 ] [ 0.879800, -0.004000, -0.112000, -0.462000 ] [ 0.005300, -0.645500, -0.763700, -0.007300 ]
[ 12882 ] [ 0.878600, -0.004400, -0.111900, -0.464200 ] [ 0.005000, -0.644600, -0.764400, -0.006900 ]
[ 12989 ] [ 0.878600, -0.004400, -0.111900, -0.464200 ] [ 0.005000, -0.644600, -0.764400, -0.006900 ]
[ 13083 ] [ 0.878600, -0.004400, -0.111900, -0.464200 ] [ 0.005000, -0.644600, -0.764400, -0.006900 ]
[ 13180 ] [ 0.878600, -0.004400, -0.111900, -0.464200 ] [ 0.005000, -0.644600, -0.764400, -0.006900 ]
[ 13280 ] [ 0.876100, -0.004800, -0.111100, -0.469200 ] [ 0.006200, -0.641900, -0.766700, -0.010000 ]
[ 13397 ] [ 0.876100, -0.004800, -0.111100, -0.469200 ] [ 0.006200, -0.641900, -0.766700, -0.010000 ]
[ 13486 ] [ 0.876100, -0.004800, -0.111100, -0.469200 ] [ 0.006200, -0.641900, -0.766700, -0.010000 ]
[ 13583 ] [ 0.875100, -0.004700, -0.110100, -0.471300 ] [ 0.006400, -0.640900, -0.767500, -0.010400 ]
[ 13679 ] [ 0.875100, -0.004700, -0.110100, -0.471300 ] [ 0.006400, -0.640900, -0.767500, -0.010400 ]
[ 13788 ] [ 0.875100, -0.004700, -0.110100, -0.471300 ] [ 0.006400, -0.640900, -0.767500, -0.010400 ]
[ 13881 ] [ 0.873800, -0.004500, -0.110300, -0.473600 ] [ 0.006800, -0.640000, -0.768300, -0.010700 ]
[ 13980 ] [ 0.873800, -0.004500, -0.110300, -0.473600 ] [ 0.006800, -0.640000, -0.768300, -0.010700 ]
[ 14079 ] [ 0.873800, -0.004500, -0.110300, -0.473600 ] [ 0.006800, -0.640000, -0.768300, -0.010700 ]
[ 14185 ] [ 0.873800, -0.004500, -0.110300, -0.473600 ] [ 0.006800, -0.640000, -0.768300, -0.010700 ]
[ 14285 ] [ 0.869500, -0.004100, -0.109800, -0.481600 ] [ 0.216300, -0.667500, -0.695300, 0.155500 ]
[ 14386 ] [ 0.869500, -0.004100, -0.109800, -0.481600 ] [ 0.216300, -0.667500, -0.695300, 0.155500 ]
[ 14480 ] [ 0.869500, -0.004100, -0.109800, -0.481600 ] [ 0.216300, -0.667500, -0.695300, 0.155500 ]
[ 14581 ] [ 0.868300, -0.004400, -0.110200, -0.483700 ] [ 0.424900, -0.602600, -0.573100, 0.357600 ]
[ 14678 ] [ 0.868300, -0.004400, -0.110200, -0.483700 ] [ 0.424900, -0.602600, -0.573100, 0.357600 ]
[ 14779 ] [ 0.868300, -0.004400, -0.110200, -0.483700 ] [ 0.424900, -0.602600, -0.573100, 0.357600 ]
[ 14879 ] [ 0.868300, -0.004400, -0.110200, -0.483700 ] [ 0.424900, -0.602600, -0.573100, 0.357600 ]
[ 14979 ] [ 0.865500, -0.005000, -0.109800, -0.488600 ] [ 0.419000, -0.609900, -0.562300, 0.369100 ]
[ 15079 ] [ 0.865500, -0.005000, -0.109800, -0.488600 ] [ 0.419000, -0.609900, -0.562300, 0.369100 ]
[ 15187 ] [ 0.865500, -0.005000, -0.109800, -0.488600 ] [ 0.419000, -0.609900, -0.562300, 0.369100 ]
[ 15281 ] [ 0.865100, -0.006400, -0.113200, -0.488700 ] [ 0.188200, -0.728300, -0.653100, 0.087400 ]
[ 15387 ] [ 0.865100, -0.006400, -0.113200, -0.488700 ] [ 0.188200, -0.728300, -0.653100, 0.087400 ]
[ 15480 ] [ 0.865100, -0.006400, -0.113200, -0.488700 ] [ 0.188200, -0.728300, -0.653100, 0.087400 ]
[ 15580 ] [ 0.863900, -0.006200, -0.111200, -0.491300 ] [ 0.043400, -0.756000, -0.653000, -0.014300 ]
[ 15681 ] [ 0.863900, -0.006200, -0.111200, -0.491300 ] [ 0.043400, -0.756000, -0.653000, -0.014300 ]
[ 15797 ] [ 0.863900, -0.006200, -0.111200, -0.491300 ] [ 0.043400, -0.756000, -0.653000, -0.014300 ]
[ 15881 ] [ 0.863900, -0.006200, -0.111200, -0.491300 ] [ 0.043400, -0.756000, -0.653000, -0.014300 ]
[ 15987 ] [ 0.859300, -0.008600, -0.114800, -0.498400 ] [ 0.061200, -0.729000, -0.681600, -0.017300 ]
[ 16080 ] [ 0.859300, -0.008600, -0.114800, -0.498400 ] [ 0.061200, -0.729000, -0.681600, -0.017300 ]
[ 16179 ] [ 0.859300, -0.008600, -0.114800, -0.498400 ] [ 0.061200, -0.729000, -0.681600, -0.017300 ]
[ 16280 ] [ 0.848800, -0.013800, -0.119000, -0.514900 ] [ 0.059400, -0.727900, -0.682900, -0.018000 ]
[ 16386 ] [ 0.848800, -0.013800, -0.119000, -0.514900 ] [ 0.059400, -0.727900, -0.682900, -0.018000 ]
[ 16482 ] [ 0.848800, -0.013800, -0.119000, -0.514900 ] [ 0.059400, -0.727900, -0.682900, -0.018000 ]
[ 16580 ] [ 0.848800, -0.013800, -0.119000, -0.514900 ] [ 0.059400, -0.727900, -0.682900, -0.018000 ]
[ 16680 ] [ 0.873300, -0.011100, -0.108000, -0.475000 ] [ 0.057800, -0.727800, -0.683100, -0.019700 ]
[ 16780 ] [ 0.873300, -0.011100, -0.108000, -0.475000 ] [ 0.057800, -0.727800, -0.683100, -0.019700 ]
[ 16880 ] [ 0.873300, -0.011100, -0.108000, -0.475000 ] [ 0.057800, -0.727800, -0.683100, -0.019700 ]
[ 16977 ] [ 0.873200, -0.009600, -0.108000, -0.475100 ] [ 0.052500, -0.717400, -0.694500, -0.017400 ]
[ 17081 ] [ 0.873200, -0.009600, -0.108000, -0.475100 ] [ 0.052500, -0.717400, -0.694500, -0.017400 ]
[ 17189 ] [ 0.873200, -0.009600, -0.108000, -0.475100 ] [ 0.052500, -0.717400, -0.694500, -0.017400 ]
[ 17288 ] [ 0.873200, -0.009600, -0.108000, -0.475100 ] [ 0.052500, -0.717400, -0.694500, -0.017400 ]
[ 17393 ] [ 0.864500, -0.031200, -0.112800, -0.488800 ] [ 0.055700, -0.721500, -0.689900, -0.019800 ]
[ 17480 ] [ 0.864500, -0.031200, -0.112800, -0.488800 ] [ 0.055700, -0.721500, -0.689900, -0.019800 ]
[ 17582 ] [ 0.864500, -0.031200, -0.112800, -0.488800 ] [ 0.055700, -0.721500, -0.689900, -0.019800 ]
[ 17683 ] [ 0.723200, -0.457700, 0.129000, -0.500900 ] [ 0.057700, -0.720500, -0.690700, -0.022200 ]
[ 17783 ] [ 0.723200, -0.457700, 0.129000, -0.500900 ] [ 0.057700, -0.720500, -0.690700, -0.022200 ]
[ 17877 ] [ 0.723200, -0.457700, 0.129000, -0.500900 ] [ 0.057700, -0.720500, -0.690700, -0.022200 ]
[ 17977 ] [ 0.723200, -0.457700, 0.129000, -0.500900 ] [ 0.057700, -0.720500, -0.690700, -0.022200 ]
[ 18079 ] [ 0.646600, -0.586400, 0.175100, -0.455300 ] [ 0.053000, -0.724200, -0.687200, -0.020800 ]
[ 18180 ] [ 0.646600, -0.586400, 0.175100, -0.455300 ] [ 0.053000, -0.724200, -0.687200, -0.020800 ]
[ 18286 ] [ 0.646600, -0.586400, 0.175100, -0.455300 ] [ 0.053000, -0.724200, -0.687200, -0.020800 ]
[ 18388 ] [ 0.588100, -0.666900, 0.225700, -0.398100 ] [ 0.060100, -0.721200, -0.689600, -0.026500 ]
[ 18479 ] [ 0.588100, -0.666900, 0.225700, -0.398100 ] [ 0.060100, -0.721200, -0.689600, -0.026500 ]
[ 18581 ] [ 0.588100, -0.666900, 0.225700, -0.398100 ] [ 0.060100, -0.721200, -0.689600, -0.026500 ]
[ 18682 ] [ 0.588100, -0.666900, 0.225700, -0.398100 ] [ 0.060100, -0.721200, -0.689600, -0.026500 ]
[ 18780 ] [ 0.503300, -0.763300, 0.287100, -0.285800 ] [ 0.062600, -0.718700, -0.691800, -0.030700 ]
[ 18880 ] [ 0.503300, -0.763300, 0.287100, -0.285800 ] [ 0.062600, -0.718700, -0.691800, -0.030700 ]
[ 18985 ] [ 0.503300, -0.763300, 0.287100, -0.285800 ] [ 0.062600, -0.718700, -0.691800, -0.030700 ]
[ 19080 ] [ 0.394100, -0.831700, 0.322900, -0.220800 ] [ 0.062800, -0.718200, -0.692300, -0.031500 ]
[ 19178 ] [ 0.394100, -0.831700, 0.322900, -0.220800 ] [ 0.062800, -0.718200, -0.692300, -0.031500 ]
[ 19278 ] [ 0.394100, -0.831700, 0.322900, -0.220800 ] [ 0.062800, -0.718200, -0.692300, -0.031500 ]
[ 19384 ] [ 0.394100, -0.831700, 0.322900, -0.220800 ] [ 0.062800, -0.718200, -0.692300, -0.031500 ]
[ 19478 ] [ 0.130100, -0.911400, 0.380900, -0.085800 ] [ 0.059800, -0.716800, -0.694000, -0.031800 ]
[ 19582 ] [ 0.130100, -0.911400, 0.380900, -0.085800 ] [ 0.059800, -0.716800, -0.694000, -0.031800 ]
[ 19680 ] [ 0.130100, -0.911400, 0.380900, -0.085800 ] [ 0.059800, -0.716800, -0.694000, -0.031800 ]
[ 19791 ] [ 0.049100, -0.915900, 0.396200, -0.042500 ] [ 0.059100, -0.716100, -0.694800, -0.031100 ]
[ 19893 ] [ 0.049100, -0.915900, 0.396200, -0.042500 ] [ 0.059100, -0.716100, -0.694800, -0.031100 ]
[ 19978 ] [ 0.049100, -0.915900, 0.396200, -0.042500 ] [ 0.059100, -0.716100, -0.694800, -0.031100 ]
[ 20079 ] [ 0.051100, -0.916800, 0.395600, -0.016200 ] [ 0.058700, -0.715400, -0.695600, -0.030200 ]
[ 20179 ] [ 0.051100, -0.916800, 0.395600, -0.016200 ] [ 0.058700, -0.715400, -0.695600, -0.030200 ]
[ 20283 ] [ 0.051100, -0.916800, 0.395600, -0.016200 ] [ 0.058700, -0.715400, -0.695600, -0.030200 ]
[ 20381 ] [ 0.051100, -0.916800, 0.395600, -0.016200 ] [ 0.058700, -0.715400, -0.695600, -0.030200 ]
[ 20481 ] [ 0.733300, -0.597000, 0.230400, -0.229600 ] [ 0.060700, -0.720200, -0.690300, -0.032700 ]
[ 20578 ] [ 0.733300, -0.597000, 0.230400, -0.229600 ] [ 0.060700, -0.720200, -0.690300, -0.032700 ]
[ 20681 ] [ 0.733300, -0.597000, 0.230400, -0.229600 ] [ 0.060700, -0.720200, -0.690300, -0.032700 ]
[ 20784 ] [ 0.867200, -0.409300, 0.135500, -0.249200 ] [ 0.060700, -0.718800, -0.691700, -0.034100 ]
[ 20880 ] [ 0.867200, -0.409300, 0.135500, -0.249200 ] [ 0.060700, -0.718800, -0.691700, -0.034100 ]
[ 20978 ] [ 0.867200, -0.409300, 0.135500, -0.249200 ] [ 0.060700, -0.718800, -0.691700, -0.034100 ]
[ 21079 ] [ 0.925300, -0.231300, 0.086800, -0.287600 ] [ 0.064900, -0.717000, -0.693000, -0.037100 ]
[ 21176 ] [ 0.925300, -0.231300, 0.086800, -0.287600 ] [ 0.064900, -0.717000, -0.693000, -0.037100 ]
[ 21289 ] [ 0.925300, -0.231300, 0.086800, -0.287600 ] [ 0.064900, -0.717000, -0.693000, -0.037100 ]
[ 21397 ] [ 0.925300, -0.231300, 0.086800, -0.287600 ] [ 0.064900, -0.717000, -0.693000, -0.037100 ]
[ 21483 ] [ 0.925300, -0.041900, -0.018400, -0.376600 ] [ 0.069500, -0.711700, -0.697800, -0.041100 ]
[ 21582 ] [ 0.925300, -0.041900, -0.018400, -0.376600 ] [ 0.069500, -0.711700, -0.697800, -0.041100 ]
[ 21677 ] [ 0.925300, -0.041900, -0.018400, -0.376600 ] [ 0.069500, -0.711700, -0.697800, -0.041100 ]
[ 21786 ] [ 0.935000, -0.036300, -0.036500, -0.350900 ] [ 0.069700, -0.704600, -0.705000, -0.041400 ]
[ 21893 ] [ 0.935000, -0.036300, -0.036500, -0.350900 ] [ 0.069700, -0.704600, -0.705000, -0.041400 ]
[ 21988 ] [ 0.935000, -0.036300, -0.036500, -0.350900 ] [ 0.069700, -0.704600, -0.705000, -0.041400 ]
[ 22083 ] [ 0.935000, -0.036300, -0.036500, -0.350900 ] [ 0.069700, -0.704600, -0.705000, -0.041400 ]
[ 22179 ] [ 0.927900, 0.051700, -0.069300, -0.362600 ] [ 0.067500, -0.707600, -0.702400, -0.035700 ]
[ 22278 ] [ 0.927900, 0.051700, -0.069300, -0.362600 ] [ 0.067500, -0.707600, -0.702400, -0.035700 ]
[ 22380 ] [ 0.927900, 0.051700, -0.069300, -0.362600 ] [ 0.067500, -0.707600, -0.702400, -0.035700 ]
[ 22481 ] [ 0.386400, 0.868400, -0.289300, -0.113700 ] [ 0.064600, -0.704800, -0.705700, -0.031800 ]
[ 22580 ] [ 0.386400, 0.868400, -0.289300, -0.113700 ] [ 0.064600, -0.704800, -0.705700, -0.031800 ]
[ 22678 ] [ 0.386400, 0.868400, -0.289300, -0.113700 ] [ 0.064600, -0.704800, -0.705700, -0.031800 ]
[ 22782 ] [ 0.386400, 0.868400, -0.289300, -0.113700 ] [ 0.064600, -0.704800, -0.705700, -0.031800 ]
[ 22879 ] [ 0.194500, 0.920800, -0.325300, -0.091900 ] [ 0.067900, -0.688700, -0.721100, -0.032900 ]
[ 22979 ] [ 0.194500, 0.920800, -0.325300, -0.091900 ] [ 0.067900, -0.688700, -0.721100, -0.032900 ]
[ 23079 ] [ 0.194500, 0.920800, -0.325300, -0.091900 ] [ 0.067900, -0.688700, -0.721100, -0.032900 ]
[ 23179 ] [ 0.135700, 0.928800, -0.333600, -0.087400 ] [ 0.068700, -0.689000, -0.720800, -0.029800 ]
[ 23286 ] [ 0.135700, 0.928800, -0.333600, -0.087400 ] [ 0.068700, -0.689000, -0.720800, -0.029800 ]
[ 23382 ] [ 0.135700, 0.928800, -0.333600, -0.087400 ] [ 0.068700, -0.689000, -0.720800, -0.029800 ]
[ 23479 ] [ 0.135700, 0.928800, -0.333600, -0.087400 ] [ 0.068700, -0.689000, -0.720800, -0.029800 ]
[ 23587 ] [ 0.241100, 0.888700, -0.333400, -0.202200 ] [ 0.067200, -0.688600, -0.721400, -0.029100 ]
[ 23680 ] [ 0.241100, 0.888700, -0.333400, -0.202200 ] [ 0.067200, -0.688600, -0.721400, -0.029100 ]
[ 23789 ] [ 0.241100, 0.888700, -0.333400, -0.202200 ] [ 0.067200, -0.688600, -0.721400, -0.029100 ]
[ 23882 ] [ 0.452000, 0.773000, -0.317500, -0.312100 ] [ 0.060900, -0.692300, -0.718500, -0.026500 ]
[ 23978 ] [ 0.452000, 0.773000, -0.317500, -0.312100 ] [ 0.060900, -0.692300, -0.718500, -0.026500 ]
[ 24079 ] [ 0.452000, 0.773000, -0.317500, -0.312100 ] [ 0.060900, -0.692300, -0.718500, -0.026500 ]
[ 24179 ] [ 0.452000, 0.773000, -0.317500, -0.312100 ] [ 0.060900, -0.692300, -0.718500, -0.026500 ]
[ 24279 ] [ 0.600500, 0.630200, -0.302900, -0.388000 ] [ 0.049100, -0.691800, -0.720100, -0.021900 ]
[ 24381 ] [ 0.600500, 0.630200, -0.302900, -0.388000 ] [ 0.049100, -0.691800, -0.720100, -0.021900 ]
[ 24495 ] [ 0.600500, 0.630200, -0.302900, -0.388000 ] [ 0.049100, -0.691800, -0.720100, -0.021900 ]
[ 24580 ] [ 0.767600, 0.374100, -0.259300, -0.451200 ] [ 0.049100, -0.687000, -0.724600, -0.023200 ]
[ 24677 ] [ 0.767600, 0.374100, -0.259300, -0.451200 ] [ 0.049100, -0.687000, -0.724600, -0.023200 ]
[ 24780 ] [ 0.767600, 0.374100, -0.259300, -0.451200 ] [ 0.049100, -0.687000, -0.724600, -0.023200 ]
[ 24880 ] [ 0.767600, 0.374100, -0.259300, -0.451200 ] [ 0.049100, -0.687000, -0.724600, -0.023200 ]
[ 24994 ] [ 0.869400, 0.028900, -0.056700, -0.490000 ] [ 0.053600, -0.684500, -0.726600, -0.025500 ]
[ 25085 ] [ 0.869400, 0.028900, -0.056700, -0.490000 ] [ 0.053600, -0.684500, -0.726600, -0.025500 ]
[ 25181 ] [ 0.869400, 0.028900, -0.056700, -0.490000 ] [ 0.053600, -0.684500, -0.726600, -0.025500 ]
[ 25279 ] [ 0.870800, 0.016400, -0.060800, -0.487500 ] [ 0.056900, -0.685400, -0.725400, -0.026900 ]
[ 25379 ] [ 0.870800, 0.016400, -0.060800, -0.487500 ] [ 0.056900, -0.685400, -0.725400, -0.026900 ]
[ 25479 ] [ 0.870800, 0.016400, -0.060800, -0.487500 ] [ 0.056900, -0.685400, -0.725400, -0.026900 ]
[ 25583 ] [ 0.870200, 0.005500, -0.065800, -0.488300 ] [ 0.056300, -0.684600, -0.726200, -0.027000 ]
[ 25678 ] [ 0.870200, 0.005500, -0.065800, -0.488300 ] [ 0.056300, -0.684600, -0.726200, -0.027000 ]
[ 25782 ] [ 0.870200, 0.005500, -0.065800, -0.488300 ] [ 0.056300, -0.684600, -0.726200, -0.027000 ]
[ 25880 ] [ 0.870200, 0.005500, -0.065800, -0.488300 ] [ 0.056300, -0.684600, -0.726200, -0.027000 ]
[ 25985 ] [ 0.867300, -0.061900, -0.074200, -0.488400 ] [ 0.058000, -0.682700, -0.727800, -0.027400 ]
[ 26080 ] [ 0.867300, -0.061900, -0.074200, -0.488400 ] [ 0.058000, -0.682700, -0.727800, -0.027400 ]
[ 26179 ] [ 0.867300, -0.061900, -0.074200, -0.488400 ] [ 0.058000, -0.682700, -0.727800, -0.027400 ]
[ 26279 ] [ 0.864400, -0.122100, -0.048200, -0.485300 ] [ 0.058000, -0.683200, -0.727400, -0.027000 ]
[ 26379 ] [ 0.864400, -0.122100, -0.048200, -0.485300 ] [ 0.058000, -0.683200, -0.727400, -0.027000 ]
[ 26478 ] [ 0.864400, -0.122100, -0.048200, -0.485300 ] [ 0.058000, -0.683200, -0.727400, -0.027000 ]
[ 26580 ] [ 0.864400, -0.122100, -0.048200, -0.485300 ] [ 0.058000, -0.683200, -0.727400, -0.027000 ]
[ 26686 ] [ 0.870000, -0.154800, -0.054700, -0.464900 ] [ 0.058800, -0.684900, -0.725700, -0.028000 ]
[ 26781 ] [ 0.870000, -0.154800, -0.054700, -0.464900 ] [ 0.058800, -0.684900, -0.725700, -0.028000 ]
[ 26879 ] [ 0.870000, -0.154800, -0.054700, -0.464900 ] [ 0.058800, -0.684900, -0.725700, -0.028000 ]
[ 26982 ] [ 0.881700, -0.048500, -0.082900, -0.461800 ] [ 0.055200, -0.681500, -0.729200, -0.027100 ]
[ 27082 ] [ 0.881700, -0.048500, -0.082900, -0.461800 ] [ 0.055200, -0.681500, -0.729200, -0.027100 ]
[ 27178 ] [ 0.881700, -0.048500, -0.082900, -0.461800 ] [ 0.055200, -0.681500, -0.729200, -0.027100 ]
[ 27278 ] [ 0.887900, -0.046400, -0.076800, -0.451200 ] [ 0.056000, -0.674200, -0.735900, -0.027000 ]
[ 27391 ] [ 0.887900, -0.046400, -0.076800, -0.451200 ] [ 0.056000, -0.674200, -0.735900, -0.027000 ]
[ 27479 ] [ 0.887900, -0.046400, -0.076800, -0.451200 ] [ 0.056000, -0.674200, -0.735900, -0.027000 ]
[ 27593 ] [ 0.887900, -0.046400, -0.076800, -0.451200 ] [ 0.056000, -0.674200, -0.735900, -0.027000 ]
[ 27681 ] [ 0.886700, -0.037100, -0.075600, -0.454600 ] [ 0.053300, -0.665400, -0.744200, -0.024800 ]
[ 27781 ] [ 0.886700, -0.037100, -0.075600, -0.454600 ] [ 0.053300, -0.665400, -0.744200, -0.024800 ]
[ 27878 ] [ 0.886700, -0.037100, -0.075600, -0.454600 ] [ 0.053300, -0.665400, -0.744200, -0.024800 ]
[ 27997 ] [ 0.886900, -0.004000, -0.016100, -0.461600 ] [ 0.054100, -0.670600, -0.739500, -0.023500 ]
[ 28087 ] [ 0.886900, -0.004000, -0.016100, -0.461600 ] [ 0.054100, -0.670600, -0.739500, -0.023500 ]
[ 28178 ] [ 0.886900, -0.004000, -0.016100, -0.461600 ] [ 0.054100, -0.670600, -0.739500, -0.023500 ]
[ 28278 ] [ 0.881900, 0.037000, 0.059400, -0.466300 ] [ 0.056200, -0.668200, -0.741500, -0.024000 ]
[ 28379 ] [ 0.881900, 0.037000, 0.059400, -0.466300 ] [ 0.056200, -0.668200, -0.741500, -0.024000 ]
[ 28478 ] [ 0.881900, 0.037000, 0.059400, -0.466300 ] [ 0.056200, -0.668200, -0.741500, -0.024000 ]
[ 28581 ] [ 0.881900, 0.037000, 0.059400, -0.466300 ] [ 0.056200, -0.668200, -0.741500, -0.024000 ]
[ 28679 ] [ 0.862900, 0.105000, 0.207500, -0.448700 ] [ 0.070600, -0.663200, -0.744400, -0.031500 ]
[ 28782 ] [ 0.862900, 0.105000, 0.207500, -0.448700 ] [ 0.070600, -0.663200, -0.744400, -0.031500 ]
[ 28880 ] [ 0.862900, 0.105000, 0.207500, -0.448700 ] [ 0.070600, -0.663200, -0.744400, -0.031500 ]
[ 28979 ] [ 0.859200, 0.116800, 0.240400, -0.436300 ] [ 0.072700, -0.650600, -0.755200, -0.032600 ]
[ 29078 ] [ 0.859200, 0.116800, 0.240400, -0.436300 ] [ 0.072700, -0.650600, -0.755200, -0.032600 ]
[ 29178 ] [ 0.859200, 0.116800, 0.240400, -0.436300 ] [ 0.072700, -0.650600, -0.755200, -0.032600 ]
[ 29279 ] [ 0.859200, 0.116800, 0.240400, -0.436300 ] [ 0.072700, -0.650600, -0.755200, -0.032600 ]
[ 29390 ] [ 0.836700, 0.151000, 0.345200, -0.397500 ] [ 0.081500, -0.586900, -0.804800, -0.034500 ]
[ 29480 ] [ 0.836700, 0.151000, 0.345200, -0.397500 ] [ 0.081500, -0.586900, -0.804800, -0.034500 ]
[ 29581 ] [ 0.836700, 0.151000, 0.345200, -0.397500 ] [ 0.081500, -0.586900, -0.804800, -0.034500 ]
[ 29679 ] [ 0.827700, 0.160600, 0.374300, -0.386100 ] [ 0.084100, -0.566500, -0.819100, -0.034200 ]
[ 29792 ] [ 0.827700, 0.160600, 0.374300, -0.386100 ] [ 0.084100, -0.566500, -0.819100, -0.034200 ]
[ 29880 ] [ 0.827700, 0.160600, 0.374300, -0.386100 ] [ 0.084100, -0.566500, -0.819100, -0.034200 ]
[ 29979 ] [ 0.848100, 0.139200, 0.339500, -0.382300 ] [ 0.085100, -0.563100, -0.821300, -0.033100 ]
[ 30083 ] [ 0.848100, 0.139200, 0.339500, -0.382300 ] [ 0.085100, -0.563100, -0.821300, -0.033100 ]
[ 30179 ] [ 0.848100, 0.139200, 0.339500, -0.382300 ] [ 0.085100, -0.563100, -0.821300, -0.033100 ]
[ 30277 ] [ 0.848100, 0.139200, 0.339500, -0.382300 ] [ 0.085100, -0.563100, -0.821300, -0.033100 ]
[ 30379 ] [ 0.921300, -0.007500, 0.003500, -0.388900 ] [ 0.064200, -0.658700, -0.749100, -0.027900 ]
[ 30478 ] [ 0.921300, -0.007500, 0.003500, -0.388900 ] [ 0.064200, -0.658700, -0.749100, -0.027900 ]
[ 30580 ] [ 0.921300, -0.007500, 0.003500, -0.388900 ] [ 0.064200, -0.658700, -0.749100, -0.027900 ]
[ 30680 ] [ 0.920200, -0.020700, -0.030100, -0.389600 ] [ 0.069000, -0.657100, -0.749900, -0.032700 ]
[ 30784 ] [ 0.920200, -0.020700, -0.030100, -0.389600 ] [ 0.069000, -0.657100, -0.749900, -0.032700 ]
[ 30879 ] [ 0.920200, -0.020700, -0.030100, -0.389600 ] [ 0.069000, -0.657100, -0.749900, -0.032700 ]
[ 30986 ] [ 0.920200, -0.020700, -0.030100, -0.389600 ] [ 0.069000, -0.657100, -0.749900, -0.032700 ]
[ 31082 ] [ 0.917200, -0.039400, -0.077700, -0.388900 ] [ 0.071000, -0.654800, -0.751700, -0.035000 ]
[ 31177 ] [ 0.917200, -0.039400, -0.077700, -0.388900 ] [ 0.071000, -0.654800, -0.751700, -0.035000 ]
[ 31279 ] [ 0.917200, -0.039400, -0.077700, -0.388900 ] [ 0.071000, -0.654800, -0.751700, -0.035000 ]
[ 31378 ] [ 0.916500, -0.040500, -0.080300, -0.389900 ] [ 0.070800, -0.654000, -0.752300, -0.035200 ]
[ 31485 ] [ 0.916500, -0.040500, -0.080300, -0.389900 ] [ 0.070800, -0.654000, -0.752300, -0.035200 ]
[ 31579 ] [ 0.916500, -0.040500, -0.080300, -0.389900 ] [ 0.070800, -0.654000, -0.752300, -0.035200 ]
[ 31678 ] [ 0.914800, -0.040500, -0.082500, -0.393200 ] [ 0.070700, -0.653300, -0.753000, -0.035300 ]
[ 31779 ] [ 0.914800, -0.040500, -0.082500, -0.393200 ] [ 0.070700, -0.653300, -0.753000, -0.035300 ]
[ 31879 ] [ 0.914800, -0.040500, -0.082500, -0.393200 ] [ 0.070700, -0.653300, -0.753000, -0.035300 ]
[ 31980 ] [ 0.914800, -0.040500, -0.082500, -0.393200 ] [ 0.070700, -0.653300, -0.753000, -0.035300 ]
[ 32095 ] [ 0.914800, -0.040500, -0.082500, -0.393200 ] [ 0.070700, -0.653300, -0.753000, -0.035300 ]
[ 32181 ] [ 0.917000, -0.008900, -0.019300, -0.398400 ] [ 0.068900, -0.652000, -0.754400, -0.033700 ]
[ 32281 ] [ 0.917000, -0.008900, -0.019300, -0.398400 ] [ 0.068900, -0.652000, -0.754400, -0.033700 ]
[ 32380 ] [ 0.909800, 0.013000, 0.021500, -0.414300 ] [ 0.066100, -0.651300, -0.755300, -0.031000 ]
[ 32477 ] [ 0.909800, 0.013000, 0.021500, -0.414300 ] [ 0.066100, -0.651300, -0.755300, -0.031000 ]
[ 32580 ] [ 0.909800, 0.013000, 0.021500, -0.414300 ] [ 0.066100, -0.651300, -0.755300, -0.031000 ]
[ 32678 ] [ 0.909800, 0.013000, 0.021500, -0.414300 ] [ 0.066100, -0.651300, -0.755300, -0.031000 ]
[ 32779 ] [ 0.906700, 0.025400, 0.050000, -0.418000 ] [ 0.065500, -0.650500, -0.756100, -0.030800 ]
[ 32883 ] [ 0.906700, 0.025400, 0.050000, -0.418000 ] [ 0.065500, -0.650500, -0.756100, -0.030800 ]
[ 32978 ] [ 0.906700, 0.025400, 0.050000, -0.418000 ] [ 0.065500, -0.650500, -0.756100, -0.030800 ]
[ 33078 ] [ 0.906700, 0.025400, 0.050000, -0.418000 ] [ 0.065500, -0.650500, -0.756100, -0.030800 ]
[ 33179 ] [ 0.892200, 0.069800, 0.141100, -0.423200 ] [ 0.067500, -0.636600, -0.767500, -0.031800 ]
[ 33278 ] [ 0.892200, 0.069800, 0.141100, -0.423200 ] [ 0.067500, -0.636600, -0.767500, -0.031800 ]
[ 33379 ] [ 0.892200, 0.069800, 0.141100, -0.423200 ] [ 0.067500, -0.636600, -0.767500, -0.031800 ]
[ 33496 ] [ 0.888300, 0.083700, 0.179400, -0.414500 ] [ 0.069400, -0.621700, -0.779500, -0.032200 ]
[ 33579 ] [ 0.888300, 0.083700, 0.179400, -0.414500 ] [ 0.069400, -0.621700, -0.779500, -0.032200 ]
[ 33683 ] [ 0.888300, 0.083700, 0.179400, -0.414500 ] [ 0.069400, -0.621700, -0.779500, -0.032200 ]
[ 33779 ] [ 0.888300, 0.083700, 0.179400, -0.414500 ] [ 0.069400, -0.621700, -0.779500, -0.032200 ]
[ 33896 ] [ 0.854400, 0.136400, 0.327500, -0.379700 ] [ 0.087300, -0.577300, -0.811000, -0.038000 ]
[ 33993 ] [ 0.854400, 0.136400, 0.327500, -0.379700 ] [ 0.087300, -0.577300, -0.811000, -0.038000 ]
[ 34086 ] [ 0.854400, 0.136400, 0.327500, -0.379700 ] [ 0.087300, -0.577300, -0.811000, -0.038000 ]
[ 34180 ] [ 0.831000, 0.161300, 0.379800, -0.373000 ] [ 0.090600, -0.558200, -0.823900, -0.037900 ]
[ 34277 ] [ 0.831000, 0.161300, 0.379800, -0.373000 ] [ 0.090600, -0.558200, -0.823900, -0.037900 ]
[ 34378 ] [ 0.831000, 0.161300, 0.379800, -0.373000 ] [ 0.090600, -0.558200, -0.823900, -0.037900 ]
[ 34479 ] [ 0.818800, 0.173200, 0.404200, -0.369100 ] [ 0.090800, -0.544000, -0.833400, -0.036900 ]
[ 34580 ] [ 0.818800, 0.173200, 0.404200, -0.369100 ] [ 0.090800, -0.544000, -0.833400, -0.036900 ]
[ 34677 ] [ 0.818800, 0.173200, 0.404200, -0.369100 ] [ 0.090800, -0.544000, -0.833400, -0.036900 ]
[ 34779 ] [ 0.818800, 0.173200, 0.404200, -0.369100 ] [ 0.090800, -0.544000, -0.833400, -0.036900 ]
[ 34882 ] [ 0.791400, 0.193300, 0.458900, -0.354700 ] [ 0.092000, -0.507800, -0.855900, -0.034300 ]
[ 34978 ] [ 0.791400, 0.193300, 0.458900, -0.354700 ] [ 0.092000, -0.507800, -0.855900, -0.034300 ]
[ 35080 ] [ 0.791400, 0.193300, 0.458900, -0.354700 ] [ 0.092000, -0.507800, -0.855900, -0.034300 ]
[ 35179 ] [ 0.790000, 0.194100, 0.461500, -0.353800 ] [ 0.092500, -0.502400, -0.859000, -0.033600 ]
[ 35277 ] [ 0.790000, 0.194100, 0.461500, -0.353800 ] [ 0.092500, -0.502400, -0.859000, -0.033600 ]
[ 35378 ] [ 0.790000, 0.194100, 0.461500, -0.353800 ] [ 0.092500, -0.502400, -0.859000, -0.033600 ]
[ 35478 ] [ 0.840300, 0.154100, 0.374000, -0.361100 ] [ 0.093500, -0.530100, -0.842100, -0.032500 ]
[ 35580 ] [ 0.840300, 0.154100, 0.374000, -0.361100 ] [ 0.093500, -0.530100, -0.842100, -0.032500 ]
[ 35678 ] [ 0.840300, 0.154100, 0.374000, -0.361100 ] [ 0.093500, -0.530100, -0.842100, -0.032500 ]
[ 35778 ] [ 0.840300, 0.154100, 0.374000, -0.361100 ] [ 0.093500, -0.530100, -0.842100, -0.032500 ]
[ 35886 ] [ 0.930900, -0.010100, -0.015200, -0.364900 ] [ 0.060300, -0.643200, -0.763000, -0.023000 ]
[ 35982 ] [ 0.930900, -0.010100, -0.015200, -0.364900 ] [ 0.060300, -0.643200, -0.763000, -0.023000 ]
[ 36078 ] [ 0.930900, -0.010100, -0.015200, -0.364900 ] [ 0.060300, -0.643200, -0.763000, -0.023000 ]
[ 36181 ] [ 0.929300, -0.032500, -0.072400, -0.360700 ] [ 0.064700, -0.642800, -0.762800, -0.026600 ]
[ 36278 ] [ 0.929300, -0.032500, -0.072400, -0.360700 ] [ 0.064700, -0.642800, -0.762800, -0.026600 ]
[ 36379 ] [ 0.929300, -0.032500, -0.072400, -0.360700 ] [ 0.064700, -0.642800, -0.762800, -0.026600 ]
[ 36481 ] [ 0.929300, -0.032500, -0.072400, -0.360700 ] [ 0.064700, -0.642800, -0.762800, -0.026600 ]
[ 36580 ] [ 0.923400, -0.039500, -0.081700, -0.372900 ] [ 0.069000, -0.640000, -0.764600, -0.031500 ]
[ 36679 ] [ 0.923400, -0.039500, -0.081700, -0.372900 ] [ 0.069000, -0.640000, -0.764600, -0.031500 ]
[ 36780 ] [ 0.923400, -0.039500, -0.081700, -0.372900 ] [ 0.069000, -0.640000, -0.764600, -0.031500 ]
[ 36885 ] [ 0.922500, -0.040400, -0.084300, -0.374500 ] [ 0.069200, -0.639100, -0.765300, -0.031900 ]
[ 37002 ] [ 0.922500, -0.040400, -0.084300, -0.374500 ] [ 0.069200, -0.639100, -0.765300, -0.031900 ]
[ 37089 ] [ 0.922500, -0.040400, -0.084300, -0.374500 ] [ 0.069200, -0.639100, -0.765300, -0.031900 ]
[ 37179 ] [ 0.913900, -0.062400, -0.139800, -0.375900 ] [ 0.072900, -0.638000, -0.765800, -0.034600 ]
[ 37279 ] [ 0.913900, -0.062400, -0.139800, -0.375900 ] [ 0.072900, -0.638000, -0.765800, -0.034600 ]
[ 37379 ] [ 0.913900, -0.062400, -0.139800, -0.375900 ] [ 0.072900, -0.638000, -0.765800, -0.034600 ]
[ 37482 ] [ 0.913900, -0.062400, -0.139800, -0.375900 ] [ 0.072900, -0.638000, -0.765800, -0.034600 ]
[ 37587 ] [ 0.807800, -0.250000, -0.414300, -0.336800 ] [ 0.075400, -0.634800, -0.768000, -0.038600 ]
[ 37678 ] [ 0.807800, -0.250000, -0.414300, -0.336800 ] [ 0.075400, -0.634800, -0.768000, -0.038600 ]
[ 37779 ] [ 0.807800, -0.250000, -0.414300, -0.336800 ] [ 0.075400, -0.634800, -0.768000, -0.038600 ]
[ 37888 ] [ 0.747700, -0.290200, -0.507200, -0.315400 ] [ 0.075600, -0.633300, -0.769200, -0.038800 ]
[ 37978 ] [ 0.747700, -0.290200, -0.507200, -0.315400 ] [ 0.075600, -0.633300, -0.769200, -0.038800 ]
[ 38081 ] [ 0.747700, -0.290200, -0.507200, -0.315400 ] [ 0.075600, -0.633300, -0.769200, -0.038800 ]
[ 38188 ] [ 0.747700, -0.290200, -0.507200, -0.315400 ] [ 0.075600, -0.633300, -0.769200, -0.038800 ]
[ 38279 ] [ 0.671400, -0.329700, -0.593700, -0.296700 ] [ 0.075300, -0.630300, -0.771700, -0.038800 ]
[ 38380 ] [ 0.671400, -0.329700, -0.593700, -0.296700 ] [ 0.075300, -0.630300, -0.771700, -0.038800 ]
[ 38483 ] [ 0.671400, -0.329700, -0.593700, -0.296700 ] [ 0.075300, -0.630300, -0.771700, -0.038800 ]
[ 38581 ] [ 0.650000, -0.338700, -0.613800, -0.293300 ] [ 0.074600, -0.628200, -0.773500, -0.038600 ]
[ 38678 ] [ 0.650000, -0.338700, -0.613800, -0.293300 ] [ 0.074600, -0.628200, -0.773500, -0.038600 ]
[ 38778 ] [ 0.650000, -0.338700, -0.613800, -0.293300 ] [ 0.074600, -0.628200, -0.773500, -0.038600 ]
[ 38886 ] [ 0.680800, -0.329300, -0.572500, -0.316700 ] [ 0.074600, -0.627500, -0.774100, -0.038300 ]
[ 38979 ] [ 0.680800, -0.329300, -0.572500, -0.316700 ] [ 0.074600, -0.627500, -0.774100, -0.038300 ]
[ 39079 ] [ 0.680800, -0.329300, -0.572500, -0.316700 ] [ 0.074600, -0.627500, -0.774100, -0.038300 ]
[ 39178 ] [ 0.680800, -0.329300, -0.572500, -0.316700 ] [ 0.074600, -0.627500, -0.774100, -0.038300 ]
[ 39278 ] [ 0.808900, -0.259600, -0.388100, -0.357400 ] [ 0.077800, -0.649100, -0.755700, -0.039200 ]
[ 39378 ] [ 0.808900, -0.259600, -0.388100, -0.357400 ] [ 0.077800, -0.649100, -0.755700, -0.039200 ]
[ 39484 ] [ 0.808900, -0.259600, -0.388100, -0.357400 ] [ 0.077800, -0.649100, -0.755700, -0.039200 ]
[ 39597 ] [ 0.874300, -0.154400, -0.225000, -0.401400 ] [ 0.073800, -0.650600, -0.754900, -0.037300 ]
[ 39680 ] [ 0.874300, -0.154400, -0.225000, -0.401400 ] [ 0.073800, -0.650600, -0.754900, -0.037300 ]
[ 39779 ] [ 0.874300, -0.154400, -0.225000, -0.401400 ] [ 0.073800, -0.650600, -0.754900, -0.037300 ]
[ 39883 ] [ 0.874300, -0.154400, -0.225000, -0.401400 ] [ 0.073800, -0.650600, -0.754900, -0.037300 ]
[ 39986 ] [ 0.899700, -0.071400, -0.091400, -0.420700 ] [ 0.070100, -0.633200, -0.770100, -0.034800 ]
[ 40088 ] [ 0.899700, -0.071400, -0.091400, -0.420700 ] [ 0.070100, -0.633200, -0.770100, -0.034800 ]
[ 40179 ] [ 0.899700, -0.071400, -0.091400, -0.420700 ] [ 0.070100, -0.633200, -0.770100, -0.034800 ]
[ 40281 ] [ 0.899700, -0.071400, -0.091400, -0.420700 ] [ 0.070100, -0.633200, -0.770100, -0.034800 ]
[ 40381 ] [ 0.899100, -0.066500, -0.092400, -0.422800 ] [ 0.070100, -0.632400, -0.770700, -0.034900 ]
[ 40482 ] [ 0.899100, -0.066500, -0.092400, -0.422800 ] [ 0.070100, -0.632400, -0.770700, -0.034900 ]
[ 40578 ] [ 0.899100, -0.066500, -0.092400, -0.422800 ] [ 0.070100, -0.632400, -0.770700, -0.034900 ]
[ 40686 ] [ 0.898800, -0.063300, -0.092300, -0.423700 ] [ 0.070000, -0.631000, -0.771800, -0.034700 ]
[ 40780 ] [ 0.898800, -0.063300, -0.092300, -0.423700 ] [ 0.070000, -0.631000, -0.771800, -0.034700 ]
[ 40882 ] [ 0.898800, -0.063300, -0.092300, -0.423700 ] [ 0.070000, -0.631000, -0.771800, -0.034700 ]
[ 40977 ] [ 0.898700, -0.062400, -0.092700, -0.424200 ] [ 0.069900, -0.630300, -0.772500, -0.034700 ]
[ 41078 ] [ 0.898700, -0.062400, -0.092700, -0.424200 ] [ 0.069900, -0.630300, -0.772500, -0.034700 ]
[ 41178 ] [ 0.898700, -0.062400, -0.092700, -0.424200 ] [ 0.069900, -0.630300, -0.772500, -0.034700 ]
[ 41277 ] [ 0.898700, -0.062400, -0.092700, -0.424200 ] [ 0.069900, -0.630300, -0.772500, -0.034700 ]
[ 41379 ] [ 0.898400, -0.058700, -0.093100, -0.425300 ] [ 0.068600, -0.623400, -0.778200, -0.033600 ]
[ 41483 ] [ 0.898400, -0.058700, -0.093100, -0.425300 ] [ 0.068600, -0.623400, -0.778200, -0.033600 ]
[ 41579 ] [ 0.898400, -0.058700, -0.093100, -0.425300 ] [ 0.068600, -0.623400, -0.778200, -0.033600 ]
[ 41679 ] [ 0.897700, -0.057500, -0.093200, -0.426700 ] [ 0.068600, -0.622600, -0.778800, -0.033400 ]
[ 41778 ] [ 0.897700, -0.057500, -0.093200, -0.426700 ] [ 0.068600, -0.622600, -0.778800, -0.033400 ]
[ 41886 ] [ 0.897700, -0.057500, -0.093200, -0.426700 ] [ 0.068600, -0.622600, -0.778800, -0.033400 ]
[ 41980 ] [ 0.897700, -0.057500, -0.093200, -0.426700 ] [ 0.068600, -0.622600, -0.778800, -0.033400 ]
[ 42083 ] [ 0.896600, -0.055200, -0.093400, -0.429300 ] [ 0.068700, -0.621800, -0.779400, -0.033500 ]
[ 42177 ] [ 0.896600, -0.055200, -0.093400, -0.429300 ] [ 0.068700, -0.621800, -0.779400, -0.033500 ]
[ 42278 ] [ 0.896600, -0.055200, -0.093400, -0.429300 ] [ 0.068700, -0.621800, -0.779400, -0.033500 ]
[ 42384 ] [ 0.896300, -0.053700, -0.092900, -0.430300 ] [ 0.070200, -0.619100, -0.781300, -0.036600 ]
[ 42483 ] [ 0.896300, -0.053700, -0.092900, -0.430300 ] [ 0.070200, -0.619100, -0.781300, -0.036600 ]
[ 42579 ] [ 0.896300, -0.053700, -0.092900, -0.430300 ] [ 0.070200, -0.619100, -0.781300, -0.036600 ]
[ 42678 ] [ 0.895600, -0.053300, -0.092900, -0.431900 ] [ 0.069900, -0.618400, -0.781900, -0.036100 ]
[ 42784 ] [ 0.895600, -0.053300, -0.092900, -0.431900 ] [ 0.069900, -0.618400, -0.781900, -0.036100 ]
[ 42883 ] [ 0.895600, -0.053300, -0.092900, -0.431900 ] [ 0.069900, -0.618400, -0.781900, -0.036100 ]
[ 42988 ] [ 0.895600, -0.053300, -0.092900, -0.431900 ] [ 0.069900, -0.618400, -0.781900, -0.036100 ]
[ 43082 ] [ 0.882800, -0.115100, -0.061400, -0.451300 ] [ 0.069200, -0.616300, -0.783700, -0.033900 ]
[ 43179 ] [ 0.882800, -0.115100, -0.061400, -0.451300 ] [ 0.069200, -0.616300, -0.783700, -0.033900 ]
[ 43280 ] [ 0.882800, -0.115100, -0.061400, -0.451300 ] [ 0.069200, -0.616300, -0.783700, -0.033900 ]
[ 43379 ] [ 0.864000, -0.217600, -0.013800, -0.453900 ] [ 0.069500, -0.617900, -0.782500, -0.033400 ]
[ 43484 ] [ 0.864000, -0.217600, -0.013800, -0.453900 ] [ 0.069500, -0.617900, -0.782500, -0.033400 ]
[ 43581 ] [ 0.864000, -0.217600, -0.013800, -0.453900 ] [ 0.069500, -0.617900, -0.782500, -0.033400 ]
[ 43681 ] [ 0.864000, -0.217600, -0.013800, -0.453900 ] [ 0.069500, -0.617900, -0.782500, -0.033400 ]
[ 43780 ] [ 0.790500, -0.439100, 0.115100, -0.411000 ] [ 0.075400, -0.622800, -0.777900, -0.036300 ]
[ 43883 ] [ 0.790500, -0.439100, 0.115100, -0.411000 ] [ 0.075400, -0.622800, -0.777900, -0.036300 ]
[ 43979 ] [ 0.790500, -0.439100, 0.115100, -0.411000 ] [ 0.075400, -0.622800, -0.777900, -0.036300 ]
[ 44079 ] [ 0.768900, -0.489600, 0.140700, -0.386400 ] [ 0.074200, -0.622300, -0.778500, -0.035500 ]
[ 44177 ] [ 0.768900, -0.489600, 0.140700, -0.386400 ] [ 0.074200, -0.622300, -0.778500, -0.035500 ]
[ 44288 ] [ 0.768900, -0.489600, 0.140700, -0.386400 ] [ 0.074200, -0.622300, -0.778500, -0.035500 ]
[ 44380 ] [ 0.768900, -0.489600, 0.140700, -0.386400 ] [ 0.074200, -0.622300, -0.778500, -0.035500 ]
[ 44484 ] [ 0.746200, -0.540100, 0.148800, -0.359600 ] [ 0.071500, -0.620300, -0.780300, -0.034300 ]
[ 44582 ] [ 0.746200, -0.540100, 0.148800, -0.359600 ] [ 0.071500, -0.620300, -0.780300, -0.034300 ]
[ 44680 ] [ 0.746200, -0.540100, 0.148800, -0.359600 ] [ 0.071500, -0.620300, -0.780300, -0.034300 ]
[ 44780 ] [ 0.745300, -0.550700, 0.148200, -0.345400 ] [ 0.070500, -0.619600, -0.781000, -0.033800 ]
[ 44880 ] [ 0.745300, -0.550700, 0.148200, -0.345400 ] [ 0.070500, -0.619600, -0.781000, -0.033800 ]
[ 44979 ] [ 0.745300, -0.550700, 0.148200, -0.345400 ] [ 0.070500, -0.619600, -0.781000, -0.033800 ]
[ 45078 ] [ 0.745300, -0.550700, 0.148200, -0.345400 ] [ 0.070500, -0.619600, -0.781000, -0.033800 ]
[ 45180 ] [ 0.877400, -0.330200, 0.047100, -0.345000 ] [ 0.063500, -0.619000, -0.782300, -0.030100 ]
[ 45277 ] [ 0.877400, -0.330200, 0.047100, -0.345000 ] [ 0.063500, -0.619000, -0.782300, -0.030100 ]
[ 45380 ] [ 0.877400, -0.330200, 0.047100, -0.345000 ] [ 0.063500, -0.619000, -0.782300, -0.030100 ]
[ 45483 ] [ 0.877400, -0.330200, 0.047100, -0.345000 ] [ 0.063500, -0.619000, -0.782300, -0.030100 ]
[ 45582 ] [ 0.929600, -0.075700, -0.054300, -0.356500 ] [ 0.069700, -0.606800, -0.791100, -0.033500 ]
[ 45694 ] [ 0.929600, -0.075700, -0.054300, -0.356500 ] [ 0.069700, -0.606800, -0.791100, -0.033500 ]
[ 45780 ] [ 0.929600, -0.075700, -0.054300, -0.356500 ] [ 0.069700, -0.606800, -0.791100, -0.033500 ]
[ 45885 ] [ 0.930900, -0.070700, -0.060000, -0.353200 ] [ 0.068300, -0.606400, -0.791600, -0.032300 ]
[ 45994 ] [ 0.930900, -0.070700, -0.060000, -0.353200 ] [ 0.068300, -0.606400, -0.791600, -0.032300 ]
[ 46083 ] [ 0.930900, -0.070700, -0.060000, -0.353200 ] [ 0.068300, -0.606400, -0.791600, -0.032300 ]
[ 46178 ] [ 0.930900, -0.070700, -0.060000, -0.353200 ] [ 0.068300, -0.606400, -0.791600, -0.032300 ]
[ 46280 ] [ 0.928400, -0.067400, -0.065800, -0.359400 ] [ 0.068800, -0.605700, -0.792000, -0.032200 ]
[ 46382 ] [ 0.928400, -0.067400, -0.065800, -0.359400 ] [ 0.068800, -0.605700, -0.792000, -0.032200 ]
[ 46483 ] [ 0.928400, -0.067400, -0.065800, -0.359400 ] [ 0.068800, -0.605700, -0.792000, -0.032200 ]
[ 46584 ] [ 0.900900, 0.191900, -0.178400, -0.345900 ] [ 0.067900, -0.604700, -0.792900, -0.031000 ]
[ 46677 ] [ 0.900900, 0.191900, -0.178400, -0.345900 ] [ 0.067900, -0.604700, -0.792900, -0.031000 ]
[ 46781 ] [ 0.900900, 0.191900, -0.178400, -0.345900 ] [ 0.067900, -0.604700, -0.792900, -0.031000 ]
[ 46880 ] [ 0.766300, 0.500600, -0.286000, -0.283600 ] [ 0.068700, -0.618800, -0.781900, -0.031400 ]
[ 46980 ] [ 0.766300, 0.500600, -0.286000, -0.283600 ] [ 0.068700, -0.618800, -0.781900, -0.031400 ]
[ 47081 ] [ 0.766300, 0.500600, -0.286000, -0.283600 ] [ 0.068700, -0.618800, -0.781900, -0.031400 ]
[ 47179 ] [ 0.766300, 0.500600, -0.286000, -0.283600 ] [ 0.068700, -0.618800, -0.781900, -0.031400 ]
[ 47279 ] [ 0.645300, 0.653800, -0.313300, -0.240700 ] [ 0.069700, -0.618000, -0.782400, -0.031500 ]
[ 47381 ] [ 0.645300, 0.653800, -0.313300, -0.240700 ] [ 0.069700, -0.618000, -0.782400, -0.031500 ]
[ 47485 ] [ 0.645300, 0.653800, -0.313300, -0.240700 ] [ 0.069700, -0.618000, -0.782400, -0.031500 ]
[ 47580 ] [ 0.645300, 0.653800, -0.313300, -0.240700 ] [ 0.069700, -0.618000, -0.782400, -0.031500 ]
[ 47679 ] [ 0.568000, 0.723900, -0.316600, -0.230200 ] [ 0.066900, -0.615900, -0.784400, -0.030400 ]
[ 47780 ] [ 0.568000, 0.723900, -0.316600, -0.230200 ] [ 0.066900, -0.615900, -0.784400, -0.030400 ]
[ 47881 ] [ 0.568000, 0.723900, -0.316600, -0.230200 ] [ 0.066900, -0.615900, -0.784400, -0.030400 ]
[ 47984 ] [ 0.763000, 0.441000, -0.273400, -0.385500 ] [ 0.069400, -0.606800, -0.791200, -0.032100 ]
[ 48083 ] [ 0.763000, 0.441000, -0.273400, -0.385500 ] [ 0.069400, -0.606800, -0.791200, -0.032100 ]
[ 48181 ] [ 0.763000, 0.441000, -0.273400, -0.385500 ] [ 0.069400, -0.606800, -0.791200, -0.032100 ]
[ 48279 ] [ 0.879900, -0.016600, -0.070500, -0.469500 ] [ 0.069900, -0.598700, -0.797300, -0.032100 ]
[ 48378 ] [ 0.879900, -0.016600, -0.070500, -0.469500 ] [ 0.069900, -0.598700, -0.797300, -0.032100 ]
[ 48478 ] [ 0.879900, -0.016600, -0.070500, -0.469500 ] [ 0.069900, -0.598700, -0.797300, -0.032100 ]
[ 48580 ] [ 0.879900, -0.016600, -0.070500, -0.469500 ] [ 0.069900, -0.598700, -0.797300, -0.032100 ]
[ 48681 ] [ 0.878800, -0.022500, -0.075600, -0.470700 ] [ 0.071000, -0.596600, -0.798800, -0.032100 ]
[ 48779 ] [ 0.878800, -0.022500, -0.075600, -0.470700 ] [ 0.071000, -0.596600, -0.798800, -0.032100 ]
[ 48881 ] [ 0.878800, -0.022500, -0.075600, -0.470700 ] [ 0.071000, -0.596600, -0.798800, -0.032100 ]
[ 48991 ] [ 0.877600, -0.027800, -0.080100, -0.471800 ] [ 0.071300, -0.595700, -0.799400, -0.032200 ]
[ 49082 ] [ 0.877600, -0.027800, -0.080100, -0.471800 ] [ 0.071300, -0.595700, -0.799400, -0.032200 ]
[ 49179 ] [ 0.877600, -0.027800, -0.080100, -0.471800 ] [ 0.071300, -0.595700, -0.799400, -0.032200 ]
[ 49277 ] [ 0.877600, -0.027800, -0.080100, -0.471800 ] [ 0.071300, -0.595700, -0.799400, -0.032200 ]
[ 49380 ] [ 0.874300, -0.033900, -0.090800, -0.475500 ] [ 0.071400, -0.594900, -0.800000, -0.032300 ]
[ 49487 ] [ 0.874300, -0.033900, -0.090800, -0.475500 ] [ 0.071400, -0.594900, -0.800000, -0.032300 ]
[ 49581 ] [ 0.874300, -0.033900, -0.090800, -0.475500 ] [ 0.071400, -0.594900, -0.800000, -0.032300 ]
[ 49680 ] [ 0.873100, -0.036200, -0.094600, -0.476900 ] [ 0.069900, -0.592700, -0.801700, -0.032700 ]
[ 49791 ] [ 0.873100, -0.036200, -0.094600, -0.476900 ] [ 0.069900, -0.592700, -0.801700, -0.032700 ]
[ 49880 ] [ 0.873100, -0.036200, -0.094600, -0.476900 ] [ 0.069900, -0.592700, -0.801700, -0.032700 ]
[ 49980 ] [ 0.870300, -0.040100, -0.100500, -0.480500 ] [ 0.070400, -0.591800, -0.802300, -0.032500 ]
[ 50079 ] [ 0.870300, -0.040100, -0.100500, -0.480500 ] [ 0.070400, -0.591800, -0.802300, -0.032500 ]
[ 50179 ] [ 0.870300, -0.040100, -0.100500, -0.480500 ] [ 0.070400, -0.591800, -0.802300, -0.032500 ]
[ 50279 ] [ 0.870300, -0.040100, -0.100500, -0.480500 ] [ 0.070400, -0.591800, -0.802300, -0.032500 ]
[ 50391 ] [ 0.869200, -0.041500, -0.102700, -0.482000 ] [ 0.070700, -0.589700, -0.803800, -0.032200 ]
[ 50479 ] [ 0.869200, -0.041500, -0.102700, -0.482000 ] [ 0.070700, -0.589700, -0.803800, -0.032200 ]
[ 50579 ] [ 0.869200, -0.041500, -0.102700, -0.482000 ] [ 0.070700, -0.589700, -0.803800, -0.032200 ]
[ 50679 ] [ 0.868100, -0.042600, -0.104300, -0.483500 ] [ 0.070400, -0.588900, -0.804500, -0.032200 ]
[ 50778 ] [ 0.868100, -0.042600, -0.104300, -0.483500 ] [ 0.070400, -0.588900, -0.804500, -0.032200 ]
[ 50879 ] [ 0.868100, -0.042600, -0.104300, -0.483500 ] [ 0.070400, -0.588900, -0.804500, -0.032200 ]
[ 50977 ] [ 0.865400, -0.045200, -0.107500, -0.487300 ] [ 0.070400, -0.588100, -0.805000, -0.032100 ]
[ 51080 ] [ 0.865400, -0.045200, -0.107500, -0.487300 ] [ 0.070400, -0.588100, -0.805000, -0.032100 ]
[ 51179 ] [ 0.865400, -0.045200, -0.107500, -0.487300 ] [ 0.070400, -0.588100, -0.805000, -0.032100 ]
[ 51277 ] [ 0.865400, -0.045200, -0.107500, -0.487300 ] [ 0.070400, -0.588100, -0.805000, -0.032100 ]
[ 51378 ] [ 0.864400, -0.045700, -0.108400, -0.488800 ] [ 0.070500, -0.586100, -0.806600, -0.031500 ]
[ 51480 ] [ 0.864400, -0.045700, -0.108400, -0.488800 ] [ 0.070500, -0.586100, -0.806600, -0.031500 ]
[ 51580 ] [ 0.864400, -0.045700, -0.108400, -0.488800 ] [ 0.070500, -0.586100, -0.806600, -0.031500 ]
[ 51680 ] [ 0.863400, -0.046500, -0.109000, -0.490400 ] [ 0.070600, -0.585300, -0.807100, -0.031700 ]
[ 51793 ] [ 0.863400, -0.046500, -0.109000, -0.490400 ] [ 0.070600, -0.585300, -0.807100, -0.031700 ]
[ 51881 ] [ 0.863400, -0.046500, -0.109000, -0.490400 ] [ 0.070600, -0.585300, -0.807100, -0.031700 ]
[ 51984 ] [ 0.863400, -0.046500, -0.109000, -0.490400 ] [ 0.070600, -0.585300, -0.807100, -0.031700 ]
[ 52081 ] [ 0.860900, -0.048300, -0.110700, -0.494300 ] [ 0.070500, -0.583200, -0.808700, -0.031600 ]
[ 52178 ] [ 0.860900, -0.048300, -0.110700, -0.494300 ] [ 0.070500, -0.583200, -0.808700, -0.031600 ]
[ 52276 ] [ 0.860900, -0.048300, -0.110700, -0.494300 ] [ 0.070500, -0.583200, -0.808700, -0.031600 ]
[ 52378 ] [ 0.859900, -0.048800, -0.111200, -0.495800 ] [ 0.070500, -0.582400, -0.809300, -0.031500 ]
[ 52478 ] [ 0.859900, -0.048800, -0.111200, -0.495800 ] [ 0.070500, -0.582400, -0.809300, -0.031500 ]
[ 52596 ] [ 0.859900, -0.048800, -0.111200, -0.495800 ] [ 0.070500, -0.582400, -0.809300, -0.031500 ]
[ 52679 ] [ 0.859900, -0.048800, -0.111200, -0.495800 ] [ 0.070500, -0.582400, -0.809300, -0.031500 ]
[ 52778 ] [ 0.857500, -0.049900, -0.111900, -0.499800 ] [ 0.070600, -0.581600, -0.809800, -0.031400 ]
[ 52879 ] [ 0.857500, -0.049900, -0.111900, -0.499800 ] [ 0.070600, -0.581600, -0.809800, -0.031400 ]
[ 52978 ] [ 0.857500, -0.049900, -0.111900, -0.499800 ] [ 0.070600, -0.581600, -0.809800, -0.031400 ]
[ 53080 ] [ 0.856500, -0.050400, -0.112200, -0.501300 ] [ 0.070700, -0.579500, -0.811300, -0.031200 ]
[ 53181 ] [ 0.856500, -0.050400, -0.112200, -0.501300 ] [ 0.070700, -0.579500, -0.811300, -0.031200 ]
[ 53278 ] [ 0.856500, -0.050400, -0.112200, -0.501300 ] [ 0.070700, -0.579500, -0.811300, -0.031200 ]
[ 53378 ] [ 0.855600, -0.051000, -0.112400, -0.502700 ] [ 0.070900, -0.578700, -0.811900, -0.031200 ]
[ 53482 ] [ 0.855600, -0.051000, -0.112400, -0.502700 ] [ 0.070900, -0.578700, -0.811900, -0.031200 ]
[ 53581 ] [ 0.855600, -0.051000, -0.112400, -0.502700 ] [ 0.070900, -0.578700, -0.811900, -0.031200 ]
[ 53676 ] [ 0.855600, -0.051000, -0.112400, -0.502700 ] [ 0.070900, -0.578700, -0.811900, -0.031200 ]
[ 53779 ] [ 0.853100, -0.052700, -0.113000, -0.506600 ] [ 0.071600, -0.576600, -0.813300, -0.031100 ]
[ 53885 ] [ 0.853100, -0.052700, -0.113000, -0.506600 ] [ 0.071600, -0.576600, -0.813300, -0.031100 ]
[ 53980 ] [ 0.853100, -0.052700, -0.113000, -0.506600 ] [ 0.071600, -0.576600, -0.813300, -0.031100 ]
[ 54081 ] [ 0.852200, -0.053300, -0.112900, -0.508100 ] [ 0.071600, -0.575700, -0.813900, -0.031200 ]
[ 54180 ] [ 0.852200, -0.053300, -0.112900, -0.508100 ] [ 0.071600, -0.575700, -0.813900, -0.031200 ]
[ 54280 ] [ 0.852200, -0.053300, -0.112900, -0.508100 ] [ 0.071600, -0.575700, -0.813900, -0.031200 ]
[ 54377 ] [ 0.852200, -0.053300, -0.112900, -0.508100 ] [ 0.071600, -0.575700, -0.813900, -0.031200 ]
[ 54482 ] [ 0.849900, -0.054300, -0.112600, -0.512000 ] [ 0.071400, -0.574300, -0.814900, -0.031000 ]
[ 54578 ] [ 0.849900, -0.054300, -0.112600, -0.512000 ] [ 0.071400, -0.574300, -0.814900, -0.031000 ]
[ 54682 ] [ 0.849900, -0.054300, -0.112600, -0.512000 ] [ 0.071400, -0.574300, -0.814900, -0.031000 ]
[ 54779 ] [ 0.848900, -0.054700, -0.112900, -0.513400 ] [ 0.071400, -0.573600, -0.815500, -0.031000 ]
[ 54880 ] [ 0.848900, -0.054700, -0.112900, -0.513400 ] [ 0.071400, -0.573600, -0.815500, -0.031000 ]
[ 54986 ] [ 0.848900, -0.054700, -0.112900, -0.513400 ] [ 0.071400, -0.573600, -0.815500, -0.031000 ]
[ 55081 ] [ 0.848100, -0.055100, -0.112700, -0.514800 ] [ 0.071400, -0.572700, -0.816100, -0.030900 ]
[ 55179 ] [ 0.848100, -0.055100, -0.112700, -0.514800 ] [ 0.071400, -0.572700, -0.816100, -0.030900 ]
[ 55276 ] [ 0.848100, -0.055100, -0.112700, -0.514800 ] [ 0.071400, -0.572700, -0.816100, -0.030900 ]
[ 55378 ] [ 0.848100, -0.055100, -0.112700, -0.514800 ] [ 0.071400, -0.572700, -0.816100, -0.030900 ]
[ 55483 ] [ 0.845800, -0.055900, -0.112700, -0.518500 ] [ 0.071500, -0.570600, -0.817500, -0.030600 ]
[ 55579 ] [ 0.845800, -0.055900, -0.112700, -0.518500 ] [ 0.071500, -0.570600, -0.817500, -0.030600 ]
[ 55692 ] [ 0.845800, -0.055900, -0.112700, -0.518500 ] [ 0.071500, -0.570600, -0.817500, -0.030600 ]
[ 55779 ] [ 0.845800, -0.055900, -0.112700, -0.518500 ] [ 0.071500, -0.570600, -0.817500, -0.030600 ]
[ 55886 ] [ 0.844700, -0.058000, -0.113200, -0.520000 ] [ 0.073500, -0.569000, -0.818500, -0.030100 ]
[ 55977 ] [ 0.844700, -0.058000, -0.113200, -0.520000 ] [ 0.073500, -0.569000, -0.818500, -0.030100 ]
[ 56080 ] [ 0.844700, -0.058000, -0.113200, -0.520000 ] [ 0.073500, -0.569000, -0.818500, -0.030100 ]
[ 56180 ] [ 0.842200, -0.059900, -0.113200, -0.523700 ] [ 0.073600, -0.568400, -0.818900, -0.029800 ]
[ 56280 ] [ 0.842200, -0.059900, -0.113200, -0.523700 ] [ 0.073600, -0.568400, -0.818900, -0.029800 ]
[ 56378 ] [ 0.842200, -0.059900, -0.113200, -0.523700 ] [ 0.073600, -0.568400, -0.818900, -0.029800 ]
[ 56481 ] [ 0.842200, -0.059900, -0.113200, -0.523700 ] [ 0.073600, -0.568400, -0.818900, -0.029800 ]
[ 56581 ] [ 0.841400, -0.060600, -0.113100, -0.525000 ] [ 0.074000, -0.566000, -0.820500, -0.030500 ]
[ 56679 ] [ 0.841400, -0.060600, -0.113100, -0.525000 ] [ 0.074000, -0.566000, -0.820500, -0.030500 ]
[ 56780 ] [ 0.841400, -0.060600, -0.113100, -0.525000 ] [ 0.074000, -0.566000, -0.820500, -0.030500 ]
[ 56880 ] [ 0.840600, -0.060300, -0.112900, -0.526300 ] [ 0.073800, -0.565100, -0.821100, -0.030900 ]
[ 56978 ] [ 0.840600, -0.060300, -0.112900, -0.526300 ] [ 0.073800, -0.565100, -0.821100, -0.030900 ]
[ 57082 ] [ 0.840600, -0.060300, -0.112900, -0.526300 ] [ 0.073800, -0.565100, -0.821100, -0.030900 ]
[ 57179 ] [ 0.838100, -0.061600, -0.112700, -0.530200 ] [ 0.074100, -0.564400, -0.821600, -0.030400 ]
[ 57279 ] [ 0.838100, -0.061600, -0.112700, -0.530200 ] [ 0.074100, -0.564400, -0.821600, -0.030400 ]
[ 57378 ] [ 0.838100, -0.061600, -0.112700, -0.530200 ] [ 0.074100, -0.564400, -0.821600, -0.030400 ]
[ 57477 ] [ 0.838100, -0.061600, -0.112700, -0.530200 ] [ 0.074100, -0.564400, -0.821600, -0.030400 ]
[ 57582 ] [ 0.839600, -0.059100, -0.113400, -0.527900 ] [ 0.076000, -0.562000, -0.823100, -0.030600 ]
[ 57677 ] [ 0.839600, -0.059100, -0.113400, -0.527900 ] [ 0.076000, -0.562000, -0.823100, -0.030600 ]
[ 57778 ] [ 0.839600, -0.059100, -0.113400, -0.527900 ] [ 0.076000, -0.562000, -0.823100, -0.030600 ]
[ 57906 ] [ 0.839000, -0.060700, -0.113000, -0.528800 ] [ 0.075700, -0.561200, -0.823600, -0.030100 ]
[ 57993 ] [ 0.839000, -0.060700, -0.113000, -0.528800 ] [ 0.075700, -0.561200, -0.823600, -0.030100 ]
[ 58087 ] [ 0.839000, -0.060700, -0.113000, -0.528800 ] [ 0.075700, -0.561200, -0.823600, -0.030100 ]
[ 58179 ] [ 0.836700, -0.062000, -0.113000, -0.532300 ] [ 0.076000, -0.560400, -0.824200, -0.030500 ]
[ 58278 ] [ 0.836700, -0.062000, -0.113000, -0.532300 ] [ 0.076000, -0.560400, -0.824200, -0.030500 ]
[ 58379 ] [ 0.836700, -0.062000, -0.113000, -0.532300 ] [ 0.076000, -0.560400, -0.824200, -0.030500 ]
[ 58476 ] [ 0.836700, -0.062000, -0.113000, -0.532300 ] [ 0.076000, -0.560400, -0.824200, -0.030500 ]
[ 58579 ] [ 0.835800, -0.062200, -0.113000, -0.533700 ] [ 0.076400, -0.558100, -0.825700, -0.030400 ]
[ 58678 ] [ 0.835800, -0.062200, -0.113000, -0.533700 ] [ 0.076400, -0.558100, -0.825700, -0.030400 ]
[ 58778 ] [ 0.835800, -0.062200, -0.113000, -0.533700 ] [ 0.076400, -0.558100, -0.825700, -0.030400 ]
[ 58881 ] [ 0.835800, -0.062200, -0.113000, -0.533700 ] [ 0.076400, -0.558100, -0.825700, -0.030400 ]
[ 58977 ] [ 0.833500, -0.064200, -0.113300, -0.537000 ] [ 0.077000, -0.557200, -0.826300, -0.030400 ]
[ 59079 ] [ 0.833500, -0.064200, -0.113300, -0.537000 ] [ 0.077000, -0.557200, -0.826300, -0.030400 ]
[ 59179 ] [ 0.833500, -0.064200, -0.113300, -0.537000 ] [ 0.077000, -0.557200, -0.826300, -0.030400 ]
[ 59279 ] [ 0.832600, -0.064700, -0.113100, -0.538300 ] [ 0.076800, -0.555100, -0.827700, -0.029500 ]
[ 59379 ] [ 0.832600, -0.064700, -0.113100, -0.538300 ] [ 0.076800, -0.555100, -0.827700, -0.029500 ]
[ 59478 ] [ 0.832600, -0.064700, -0.113100, -0.538300 ] [ 0.076800, -0.555100, -0.827700, -0.029500 ]
[ 59581 ] [ 0.830800, -0.070100, -0.115000, -0.540100 ] [ 0.076200, -0.554400, -0.828200, -0.029600 ]
[ 59679 ] [ 0.830800, -0.070100, -0.115000, -0.540100 ] [ 0.076200, -0.554400, -0.828200, -0.029600 ]
[ 59777 ] [ 0.830800, -0.070100, -0.115000, -0.540100 ] [ 0.076200, -0.554400, -0.828200, -0.029600 ]
[ 59879 ] [ 0.830800, -0.070100, -0.115000, -0.540100 ] [ 0.076200, -0.554400, -0.828200, -0.029600 ]
[ 59979 ] [ 0.829300, -0.067100, -0.112500, -0.543300 ] [ 0.076000, -0.553600, -0.828800, -0.029500 ]
[ 60076 ] [ 0.829300, -0.067100, -0.112500, -0.543300 ] [ 0.076000, -0.553600, -0.828800, -0.029500 ]
[ 60180 ] [ 0.829300, -0.067100, -0.112500, -0.543300 ] [ 0.076000, -0.553600, -0.828800, -0.029500 ]
[ 60284 ] [ 0.828400, -0.067400, -0.112600, -0.544600 ] [ 0.075500, -0.551600, -0.830200, -0.029500 ]
[ 60381 ] [ 0.828400, -0.067400, -0.112600, -0.544600 ] [ 0.075500, -0.551600, -0.830200, -0.029500 ]
[ 60481 ] [ 0.828400, -0.067400, -0.112600, -0.544600 ] [ 0.075500, -0.551600, -0.830200, -0.029500 ]
[ 60593 ] [ 0.828400, -0.067400, -0.112600, -0.544600 ] [ 0.075500, -0.551600, -0.830200, -0.029500 ]
[ 60689 ] [ 0.826200, -0.068000, -0.112100, -0.548000 ] [ 0.075400, -0.550700, -0.830700, -0.029600 ]
[ 60781 ] [ 0.826200, -0.068000, -0.112100, -0.548000 ] [ 0.075400, -0.550700, -0.830700, -0.029600 ]
[ 60883 ] [ 0.826200, -0.068000, -0.112100, -0.548000 ] [ 0.075400, -0.550700, -0.830700, -0.029600 ]
[ 60999 ] [ 0.825300, -0.068300, -0.111900, -0.549200 ] [ 0.075500, -0.550000, -0.831200, -0.029500 ]
[ 61084 ] [ 0.825300, -0.068300, -0.111900, -0.549200 ] [ 0.075500, -0.550000, -0.831200, -0.029500 ]
[ 61177 ] [ 0.825300, -0.068300, -0.111900, -0.549200 ] [ 0.075500, -0.550000, -0.831200, -0.029500 ]
[ 61277 ] [ 0.824500, -0.068600, -0.111900, -0.550500 ] [ 0.075500, -0.547800, -0.832700, -0.029300 ]
[ 61378 ] [ 0.824500, -0.068600, -0.111900, -0.550500 ] [ 0.075500, -0.547800, -0.832700, -0.029300 ]
[ 61476 ] [ 0.824500, -0.068600, -0.111900, -0.550500 ] [ 0.075500, -0.547800, -0.832700, -0.029300 ]
[ 61578 ] [ 0.824500, -0.068600, -0.111900, -0.550500 ] [ 0.075500, -0.547800, -0.832700, -0.029300 ]
[ 61678 ] [ 0.822300, -0.069100, -0.111500, -0.553800 ] [ 0.075500, -0.547000, -0.833200, -0.029200 ]
[ 61776 ] [ 0.822300, -0.069100, -0.111500, -0.553800 ] [ 0.075500, -0.547000, -0.833200, -0.029200 ]
[ 61877 ] [ 0.822300, -0.069100, -0.111500, -0.553800 ] [ 0.075500, -0.547000, -0.833200, -0.029200 ]
[ 61993 ] [ 0.821400, -0.069400, -0.111300, -0.555100 ] [ 0.075300, -0.544900, -0.834600, -0.028900 ]
[ 62080 ] [ 0.821400, -0.069400, -0.111300, -0.555100 ] [ 0.075300, -0.544900, -0.834600, -0.028900 ]
[ 62181 ] [ 0.821400, -0.069400, -0.111300, -0.555100 ] [ 0.075300, -0.544900, -0.834600, -0.028900 ]
[ 62280 ] [ 0.821400, -0.069400, -0.111300, -0.555100 ] [ 0.075300, -0.544900, -0.834600, -0.028900 ]
[ 62380 ] [ 0.820500, -0.069500, -0.111100, -0.556400 ] [ 0.075400, -0.544100, -0.835100, -0.028700 ]
[ 62478 ] [ 0.820500, -0.069500, -0.111100, -0.556400 ] [ 0.075400, -0.544100, -0.835100, -0.028700 ]
[ 62577 ] [ 0.820500, -0.069500, -0.111100, -0.556400 ] [ 0.075400, -0.544100, -0.835100, -0.028700 ]
[ 62680 ] [ 0.818300, -0.070100, -0.111000, -0.559600 ] [ 0.075600, -0.543300, -0.835700, -0.028700 ]
[ 62781 ] [ 0.818300, -0.070100, -0.111000, -0.559600 ] [ 0.075600, -0.543300, -0.835700, -0.028700 ]
[ 62880 ] [ 0.818300, -0.070100, -0.111000, -0.559600 ] [ 0.075600, -0.543300, -0.835700, -0.028700 ]
[ 62979 ] [ 0.818300, -0.070100, -0.111000, -0.559600 ] [ 0.075600, -0.543300, -0.835700, -0.028700 ]
[ 63078 ] [ 0.817400, -0.070300, -0.110800, -0.560900 ] [ 0.075800, -0.541200, -0.837000, -0.028600 ]
[ 63178 ] [ 0.817400, -0.070300, -0.110800, -0.560900 ] [ 0.075800, -0.541200, -0.837000, -0.028600 ]
[ 63277 ] [ 0.817400, -0.070300, -0.110800, -0.560900 ] [ 0.075800, -0.541200, -0.837000, -0.028600 ]
[ 63381 ] [ 0.815100, -0.071100, -0.110700, -0.564100 ] [ 0.075800, -0.540400, -0.837500, -0.028400 ]
[ 63478 ] [ 0.815100, -0.071100, -0.110700, -0.564100 ] [ 0.075800, -0.540400, -0.837500, -0.028400 ]
[ 63581 ] [ 0.815100, -0.071100, -0.110700, -0.564100 ] [ 0.075800, -0.540400, -0.837500, -0.028400 ]
[ 63679 ] [ 0.815100, -0.071100, -0.110700, -0.564100 ] [ 0.075800, -0.540400, -0.837500, -0.028400 ]
[ 63781 ] [ 0.813600, -0.071700, -0.110400, -0.566300 ] [ 0.075300, -0.538300, -0.838900, -0.028100 ]
[ 63881 ] [ 0.813600, -0.071700, -0.110400, -0.566300 ] [ 0.075300, -0.538300, -0.838900, -0.028100 ]
[ 63995 ] [ 0.813600, -0.071700, -0.110400, -0.566300 ] [ 0.075300, -0.538300, -0.838900, -0.028100 ]
[ 64099 ] [ 0.812700, -0.071700, -0.110200, -0.567600 ] [ 0.075500, -0.537500, -0.839400, -0.028100 ]
[ 64178 ] [ 0.812700, -0.071700, -0.110200, -0.567600 ] [ 0.075500, -0.537500, -0.839400, -0.028100 ]
[ 64278 ] [ 0.812700, -0.071700, -0.110200, -0.567600 ] [ 0.075500, -0.537500, -0.839400, -0.028100 ]
[ 64380 ] [ 0.811900, -0.071900, -0.110100, -0.568800 ] [ 0.075800, -0.536600, -0.839900, -0.028100 ]
[ 64479 ] [ 0.811900, -0.071900, -0.110100, -0.568800 ] [ 0.075800, -0.536600, -0.839900, -0.028100 ]
[ 64579 ] [ 0.811900, -0.071900, -0.110100, -0.568800 ] [ 0.075800, -0.536600, -0.839900, -0.028100 ]
[ 64677 ] [ 0.811900, -0.071900, -0.110100, -0.568800 ] [ 0.075800, -0.536600, -0.839900, -0.028100 ]
[ 64780 ] [ 0.809700, -0.072100, -0.109800, -0.572000 ] [ 0.076000, -0.534500, -0.841300, -0.028100 ]
[ 64878 ] [ 0.809700, -0.072100, -0.109800, -0.572000 ] [ 0.076000, -0.534500, -0.841300, -0.028100 ]
[ 64978 ] [ 0.809700, -0.072100, -0.109800, -0.572000 ] [ 0.076000, -0.534500, -0.841300, -0.028100 ]
[ 65078 ] [ 0.808800, -0.072400, -0.109800, -0.573200 ] [ 0.076000, -0.533700, -0.841800, -0.028000 ]
[ 65180 ] [ 0.808800, -0.072400, -0.109800, -0.573200 ] [ 0.076000, -0.533700, -0.841800, -0.028000 ]
[ 65278 ] [ 0.808800, -0.072400, -0.109800, -0.573200 ] [ 0.076000, -0.533700, -0.841800, -0.028000 ]
[ 65379 ] [ 0.807900, -0.072700, -0.109700, -0.574400 ] [ 0.075900, -0.532900, -0.842300, -0.027900 ]
[ 65479 ] [ 0.807900, -0.072700, -0.109700, -0.574400 ] [ 0.075900, -0.532900, -0.842300, -0.027900 ]
[ 65580 ] [ 0.807900, -0.072700, -0.109700, -0.574400 ] [ 0.075900, -0.532900, -0.842300, -0.027900 ]
[ 65677 ] [ 0.807900, -0.072700, -0.109700, -0.574400 ] [ 0.075900, -0.532900, -0.842300, -0.027900 ]
[ 65780 ] [ 0.805600, -0.073400, -0.109400, -0.577600 ] [ 0.075800, -0.530900, -0.843600, -0.027500 ]
[ 65880 ] [ 0.805600, -0.073400, -0.109400, -0.577600 ] [ 0.075800, -0.530900, -0.843600, -0.027500 ]
[ 65980 ] [ 0.805600, -0.073400, -0.109400, -0.577600 ] [ 0.075800, -0.530900, -0.843600, -0.027500 ]
[ 66083 ] [ 0.804700, -0.073700, -0.109500, -0.578900 ] [ 0.075800, -0.530100, -0.844100, -0.027400 ]
[ 66179 ] [ 0.804700, -0.073700, -0.109500, -0.578900 ] [ 0.075800, -0.530100, -0.844100, -0.027400 ]
[ 66279 ] [ 0.804700, -0.073700, -0.109500, -0.578900 ] [ 0.075800, -0.530100, -0.844100, -0.027400 ]
[ 66380 ] [ 0.804700, -0.073700, -0.109500, -0.578900 ] [ 0.075800, -0.530100, -0.844100, -0.027400 ]
[ 66480 ] [ 0.802400, -0.073900, -0.109000, -0.582100 ] [ 0.076000, -0.527900, -0.845500, -0.027200 ]
[ 66580 ] [ 0.802400, -0.073900, -0.109000, -0.582100 ] [ 0.076000, -0.527900, -0.845500, -0.027200 ]
[ 66689 ] [ 0.802400, -0.073900, -0.109000, -0.582100 ] [ 0.076000, -0.527900, -0.845500, -0.027200 ]
[ 66783 ] [ 0.801500, -0.074200, -0.108900, -0.583300 ] [ 0.076100, -0.527100, -0.846000, -0.027100 ]
[ 66878 ] [ 0.801500, -0.074200, -0.108900, -0.583300 ] [ 0.076100, -0.527100, -0.846000, -0.027100 ]
[ 66990 ] [ 0.801500, -0.074200, -0.108900, -0.583300 ] [ 0.076100, -0.527100, -0.846000, -0.027100 ]
[ 67082 ] [ 0.800500, -0.074500, -0.109000, -0.584600 ] [ 0.076300, -0.526200, -0.846500, -0.027100 ]
[ 67192 ] [ 0.800500, -0.074500, -0.109000, -0.584600 ] [ 0.076300, -0.526200, -0.846500, -0.027100 ]
[ 67279 ] [ 0.800500, -0.074500, -0.109000, -0.584600 ] [ 0.076300, -0.526200, -0.846500, -0.027100 ]
[ 67379 ] [ 0.800500, -0.074500, -0.109000, -0.584600 ] [ 0.076300, -0.526200, -0.846500, -0.027100 ]
[ 67478 ] [ 0.798200, -0.074800, -0.108700, -0.587800 ] [ 0.076500, -0.524000, -0.847800, -0.027000 ]
[ 67587 ] [ 0.798200, -0.074800, -0.108700, -0.587800 ] [ 0.076500, -0.524000, -0.847800, -0.027000 ]
[ 67686 ] [ 0.798200, -0.074800, -0.108700, -0.587800 ] [ 0.076500, -0.524000, -0.847800, -0.027000 ]
[ 67781 ] [ 0.797300, -0.075200, -0.108500, -0.589000 ] [ 0.076300, -0.523200, -0.848300, -0.026800 ]
[ 67878 ] [ 0.797300, -0.075200, -0.108500, -0.589000 ] [ 0.076300, -0.523200, -0.848300, -0.026800 ]
[ 67987 ] [ 0.797300, -0.075200, -0.108500, -0.589000 ] [ 0.076300, -0.523200, -0.848300, -0.026800 ]
[ 68091 ] [ 0.797300, -0.075200, -0.108500, -0.589000 ] [ 0.076300, -0.523200, -0.848300, -0.026800 ]
[ 68193 ] [ 0.796400, -0.075400, -0.108400, -0.590100 ] [ 0.076300, -0.522400, -0.848800, -0.026900 ]
[ 68281 ] [ 0.796400, -0.075400, -0.108400, -0.590100 ] [ 0.076300, -0.522400, -0.848800, -0.026900 ]
[ 68380 ] [ 0.796400, -0.075400, -0.108400, -0.590100 ] [ 0.076300, -0.522400, -0.848800, -0.026900 ]
[ 68479 ] [ 0.796400, -0.075400, -0.108400, -0.590100 ] [ 0.076300, -0.522400, -0.848800, -0.026900 ]
[ 68590 ] [ 0.794000, -0.076200, -0.108100, -0.593300 ] [ 0.076400, -0.520300, -0.850100, -0.026700 ]
[ 68679 ] [ 0.794000, -0.076200, -0.108100, -0.593300 ] [ 0.076400, -0.520300, -0.850100, -0.026700 ]
[ 68777 ] [ 0.794000, -0.076200, -0.108100, -0.593300 ] [ 0.076400, -0.520300, -0.850100, -0.026700 ]
[ 68879 ] [ 0.793200, -0.076200, -0.108000, -0.594500 ] [ 0.076600, -0.519400, -0.850600, -0.026800 ]
[ 68978 ] [ 0.793200, -0.076200, -0.108000, -0.594500 ] [ 0.076600, -0.519400, -0.850600, -0.026800 ]
[ 69077 ] [ 0.793200, -0.076200, -0.108000, -0.594500 ] [ 0.076600, -0.519400, -0.850600, -0.026800 ]
[ 69178 ] [ 0.793200, -0.076200, -0.108000, -0.594500 ] [ 0.076600, -0.519400, -0.850600, -0.026800 ]
[ 69279 ] [ 0.790700, -0.077000, -0.107900, -0.597600 ] [ 0.076700, -0.517300, -0.851900, -0.026600 ]
[ 69378 ] [ 0.790700, -0.077000, -0.107900, -0.597600 ] [ 0.076700, -0.517300, -0.851900, -0.026600 ]
[ 69478 ] [ 0.789800, -0.077300, -0.107900, -0.598800 ] [ 0.076500, -0.516600, -0.852400, -0.026300 ]
[ 69587 ] [ 0.789800, -0.077300, -0.107900, -0.598800 ] [ 0.076500, -0.516600, -0.852400, -0.026300 ]
[ 69678 ] [ 0.789800, -0.077300, -0.107900, -0.598800 ] [ 0.076500, -0.516600, -0.852400, -0.026300 ]
[ 69778 ] [ 0.789800, -0.077300, -0.107900, -0.598800 ] [ 0.076500, -0.516600, -0.852400, -0.026300 ]
[ 69883 ] [ 0.788900, -0.077400, -0.107700, -0.600000 ] [ 0.076500, -0.515700, -0.852900, -0.026300 ]
[ 69990 ] [ 0.788900, -0.077400, -0.107700, -0.600000 ] [ 0.076500, -0.515700, -0.852900, -0.026300 ]
[ 70083 ] [ 0.788900, -0.077400, -0.107700, -0.600000 ] [ 0.076500, -0.515700, -0.852900, -0.026300 ]
[ 70186 ] [ 0.788900, -0.077400, -0.107700, -0.600000 ] [ 0.076500, -0.515700, -0.852900, -0.026300 ]
[ 70281 ] [ 0.786500, -0.078000, -0.107300, -0.603200 ] [ 0.077000, -0.513500, -0.854200, -0.026100 ]
[ 70378 ] [ 0.786500, -0.078000, -0.107300, -0.603200 ] [ 0.077000, -0.513500, -0.854200, -0.026100 ]
[ 70478 ] [ 0.786500, -0.078000, -0.107300, -0.603200 ] [ 0.077000, -0.513500, -0.854200, -0.026100 ]
[ 70579 ] [ 0.785600, -0.078100, -0.107200, -0.604400 ] [ 0.076900, -0.512700, -0.854700, -0.026000 ]
[ 70679 ] [ 0.785600, -0.078100, -0.107200, -0.604400 ] [ 0.076900, -0.512700, -0.854700, -0.026000 ]
[ 70780 ] [ 0.785600, -0.078100, -0.107200, -0.604400 ] [ 0.076900, -0.512700, -0.854700, -0.026000 ]
[ 70882 ] [ 0.785600, -0.078100, -0.107200, -0.604400 ] [ 0.076900, -0.512700, -0.854700, -0.026000 ]
[ 70979 ] [ 0.784000, -0.080100, -0.105300, -0.606600 ] [ 0.077000, -0.510600, -0.856000, -0.025500 ]
[ 71076 ] [ 0.784000, -0.080100, -0.105300, -0.606600 ] [ 0.077000, -0.510600, -0.856000, -0.025500 ]
[ 71181 ] [ 0.784000, -0.080100, -0.105300, -0.606600 ] [ 0.077000, -0.510600, -0.856000, -0.025500 ]
[ 71292 ] [ 0.783100, -0.081500, -0.104400, -0.607700 ] [ 0.076700, -0.509800, -0.856500, -0.025400 ]
[ 71380 ] [ 0.783100, -0.081500, -0.104400, -0.607700 ] [ 0.076700, -0.509800, -0.856500, -0.025400 ]
