[ 2.041000e+00 ] [ 0.147700, -0.857200, -0.308300, -0.385200 ] [ 0.340500, -0.860000, 0.369300, -0.090000 ]
[ 2.146000e+00 ] [ 0.027200, -0.826000, -0.503900, -0.251400 ] [ 0.488100, -0.836600, 0.132100, -0.210900 ]
[ 2.243000e+00 ] [ 0.142000, -0.749900, -0.413900, -0.496100 ] [ 0.412300, -0.776300, -0.253600, -0.403900 ]
[ 2.345000e+00 ] [ 0.157100, -0.722300, -0.405500, -0.537700 ] [ 0.439700, -0.730500, -0.294400, -0.431600 ]
[ 2.443000e+00 ] [ 0.157100, -0.723800, -0.410700, -0.531700 ] [ 0.432700, -0.724500, -0.314500, -0.434700 ]
[ 2.544000e+00 ] [ 0.166900, -0.718200, -0.415000, -0.533000 ] [ 0.420800, -0.719000, -0.320700, -0.450800 ]
[ 2.643000e+00 ] [ 0.181700, -0.706500, -0.420600, -0.539500 ] [ 0.442900, -0.702100, -0.337400, -0.443900 ]
[ 2.744000e+00 ] [ 0.166700, -0.701300, -0.418000, -0.552800 ] [ 0.445800, -0.689700, -0.345700, -0.453900 ]
[ 2.843000e+00 ] [ 0.162300, -0.701200, -0.415500, -0.556200 ] [ 0.444900, -0.687800, -0.346100, -0.457400 ]
[ 2.944000e+00 ] [ 0.157400, -0.700600, -0.411800, -0.561000 ] [ 0.445100, -0.685700, -0.345100, -0.461100 ]
[ 3.044000e+00 ] [ 0.153100, -0.700100, -0.408200, -0.565500 ] [ 0.444700, -0.683100, -0.341900, -0.467600 ]
[ 3.144000e+00 ] [ 0.153100, -0.700100, -0.408200, -0.565500 ] [ 0.444700, -0.683100, -0.341900, -0.467600 ]
[ 3.243000e+00 ] [ 0.153100, -0.700100, -0.408200, -0.565500 ] [ 0.444700, -0.683100, -0.341900, -0.467600 ]
[ 3.345000e+00 ] [ 0.149000, -0.700800, -0.403600, -0.569000 ] [ 0.444900, -0.682900, -0.339400, -0.469600 ]
[ 3.443000e+00 ] [ 0.149000, -0.700800, -0.403600, -0.569000 ] [ 0.444900, -0.682900, -0.339400, -0.469600 ]
[ 3.544000e+00 ] [ 0.149000, -0.700800, -0.403600, -0.569000 ] [ 0.444900, -0.682900, -0.339400, -0.469600 ]
[ 3.643000e+00 ] [ 0.137500, -0.704000, -0.391300, -0.576500 ] [ 0.444000, -0.682300, -0.337100, -0.473000 ]
[ 3.751000e+00 ] [ 0.137500, -0.704000, -0.391300, -0.576500 ] [ 0.444000, -0.682300, -0.337100, -0.473000 ]
[ 3.845000e+00 ] [ 0.131400, -0.706300, -0.385200, -0.579200 ] [ 0.443600, -0.682000, -0.334900, -0.475400 ]
[ 3.944000e+00 ] [ 0.131400, -0.706300, -0.385200, -0.579200 ] [ 0.443600, -0.682000, -0.334900, -0.475400 ]
[ 4.044000e+00 ] [ 0.131400, -0.706300, -0.385200, -0.579200 ] [ 0.443600, -0.682000, -0.334900, -0.475400 ]
[ 4.143000e+00 ] [ 0.122000, -0.711900, -0.373600, -0.582000 ] [ 0.441000, -0.683100, -0.329300, -0.480000 ]
[ 4.244000e+00 ] [ 0.122000, -0.711900, -0.373600, -0.582000 ] [ 0.441000, -0.683100, -0.329300, -0.480000 ]
[ 4.343000e+00 ] [ 0.122000, -0.711900, -0.373600, -0.582000 ] [ 0.441000, -0.683100, -0.329300, -0.480000 ]
[ 4.444000e+00 ] [ 0.120400, -0.720700, -0.361000, -0.579500 ] [ 0.426000, -0.696400, -0.311600, -0.486200 ]
[ 4.543000e+00 ] [ 0.120400, -0.720700, -0.361000, -0.579500 ] [ 0.426000, -0.696400, -0.311600, -0.486200 ]
[ 4.644000e+00 ] [ 0.114100, -0.722700, -0.357700, -0.580300 ] [ 0.420500, -0.696100, -0.308800, -0.493200 ]
[ 4.743000e+00 ] [ 0.114100, -0.722700, -0.357700, -0.580300 ] [ 0.420500, -0.696100, -0.308800, -0.493200 ]
[ 4.844000e+00 ] [ 0.114100, -0.722700, -0.357700, -0.580300 ] [ 0.420500, -0.696100, -0.308800, -0.493200 ]
[ 4.945000e+00 ] [ 0.104400, -0.725900, -0.350500, -0.582500 ] [ 0.409200, -0.699200, -0.298500, -0.504500 ]
[ 5.043000e+00 ] [ 0.104400, -0.725900, -0.350500, -0.582500 ] [ 0.409200, -0.699200, -0.298500, -0.504500 ]
[ 5.144000e+00 ] [ 0.104400, -0.725900, -0.350500, -0.582500 ] [ 0.409200, -0.699200, -0.298500, -0.504500 ]
[ 5.243000e+00 ] [ 0.095600, -0.727800, -0.347800, -0.583300 ] [ 0.404000, -0.699000, -0.296500, -0.510100 ]
[ 5.344000e+00 ] [ 0.095600, -0.727800, -0.347800, -0.583300 ] [ 0.404000, -0.699000, -0.296500, -0.510100 ]
[ 5.443000e+00 ] [ 0.089800, -0.727300, -0.348300, -0.584600 ] [ 0.401900, -0.697400, -0.296000, -0.514300 ]
[ 5.543000e+00 ] [ 0.089800, -0.727300, -0.348300, -0.584600 ] [ 0.401900, -0.697400, -0.296000, -0.514300 ]
[ 5.643000e+00 ] [ 0.089800, -0.727300, -0.348300, -0.584600 ] [ 0.401900, -0.697400, -0.296000, -0.514300 ]
[ 5.743000e+00 ] [ 0.089800, -0.727300, -0.348300, -0.584600 ] [ 0.401900, -0.697400, -0.296000, -0.514300 ]
[ 5.845000e+00 ] [ 0.076500, -0.721200, -0.346400, -0.595000 ] [ 0.415000, -0.684200, -0.302200, -0.517900 ]
[ 5.944000e+00 ] [ 0.076500, -0.721200, -0.346400, -0.595000 ] [ 0.415000, -0.684200, -0.302200, -0.517900 ]
[ 6.045000e+00 ] [ 0.070300, -0.722800, -0.341400, -0.596700 ] [ 0.414300, -0.684100, -0.297800, -0.521200 ]
[ 6.144000e+00 ] [ 0.070300, -0.722800, -0.341400, -0.596700 ] [ 0.414300, -0.684100, -0.297800, -0.521200 ]
[ 6.244000e+00 ] [ 0.070300, -0.722800, -0.341400, -0.596700 ] [ 0.414300, -0.684100, -0.297800, -0.521200 ]
[ 6.344000e+00 ] [ 0.066400, -0.724600, -0.336400, -0.597800 ] [ 0.414700, -0.683700, -0.295500, -0.522800 ]
[ 6.444000e+00 ] [ 0.066400, -0.724600, -0.336400, -0.597800 ] [ 0.414700, -0.683700, -0.295500, -0.522800 ]
[ 6.545000e+00 ] [ 0.060400, -0.726900, -0.330800, -0.598800 ] [ 0.414100, -0.683400, -0.292300, -0.525400 ]
[ 6.643000e+00 ] [ 0.060400, -0.726900, -0.330800, -0.598800 ] [ 0.414100, -0.683400, -0.292300, -0.525400 ]
[ 6.749000e+00 ] [ 0.060400, -0.726900, -0.330800, -0.598800 ] [ 0.414100, -0.683400, -0.292300, -0.525400 ]
[ 6.844000e+00 ] [ 0.056200, -0.728900, -0.325200, -0.599900 ] [ 0.412500, -0.684400, -0.289500, -0.526800 ]
[ 6.944000e+00 ] [ 0.056200, -0.728900, -0.325200, -0.599900 ] [ 0.412500, -0.684400, -0.289500, -0.526800 ]
[ 7.043000e+00 ] [ 0.056200, -0.728900, -0.325200, -0.599900 ] [ 0.412500, -0.684400, -0.289500, -0.526800 ]
[ 7.143000e+00 ] [ 0.039100, -0.735200, -0.308100, -0.602600 ] [ 0.409900, -0.688600, -0.277500, -0.529900 ]
[ 7.244000e+00 ] [ 0.039100, -0.735200, -0.308100, -0.602600 ] [ 0.409900, -0.688600, -0.277500, -0.529900 ]
[ 7.345000e+00 ] [ 0.039100, -0.735200, -0.308100, -0.602600 ] [ 0.409900, -0.688600, -0.277500, -0.529900 ]
[ 7.444000e+00 ] [ 0.033300, -0.737900, -0.301900, -0.602800 ] [ 0.406000, -0.690100, -0.273400, -0.533100 ]
[ 7.543000e+00 ] [ 0.033300, -0.737900, -0.301900, -0.602800 ] [ 0.406000, -0.690100, -0.273400, -0.533100 ]
[ 7.643000e+00 ] [ 0.033300, -0.737900, -0.301900, -0.602800 ] [ 0.406000, -0.690100, -0.273400, -0.533100 ]
[ 7.745000e+00 ] [ 0.028500, -0.739800, -0.297000, -0.603000 ] [ 0.403800, -0.690500, -0.271500, -0.535200 ]
[ 7.843000e+00 ] [ 0.028500, -0.739800, -0.297000, -0.603000 ] [ 0.403800, -0.690500, -0.271500, -0.535200 ]
[ 7.944000e+00 ] [ 0.024300, -0.741500, -0.292600, -0.603300 ] [ 0.401100, -0.691100, -0.270000, -0.537200 ]
[ 8.044000e+00 ] [ 0.024300, -0.741500, -0.292600, -0.603300 ] [ 0.401100, -0.691100, -0.270000, -0.537200 ]
[ 8.143000e+00 ] [ 0.024300, -0.741500, -0.292600, -0.603300 ] [ 0.401100, -0.691100, -0.270000, -0.537200 ]
[ 8.245000e+00 ] [ 0.020100, -0.743500, -0.287800, -0.603300 ] [ 0.399800, -0.691500, -0.268900, -0.538300 ]
[ 8.343000e+00 ] [ 0.020100, -0.743500, -0.287800, -0.603300 ] [ 0.399800, -0.691500, -0.268900, -0.538300 ]
[ 8.443000e+00 ] [ 0.020100, -0.743500, -0.287800, -0.603300 ] [ 0.399800, -0.691500, -0.268900, -0.538300 ]
[ 8.545000e+00 ] [ 0.012100, -0.747700, -0.275700, -0.603900 ] [ 0.399200, -0.691900, -0.267600, -0.538800 ]
[ 8.644000e+00 ] [ 0.012100, -0.747700, -0.275700, -0.603900 ] [ 0.399200, -0.691900, -0.267600, -0.538800 ]
[ 8.744000e+00 ] [ 0.008800, -0.749300, -0.271200, -0.604100 ] [ 0.398600, -0.692100, -0.266400, -0.539700 ]
[ 8.843000e+00 ] [ 0.008800, -0.749300, -0.271200, -0.604100 ] [ 0.398600, -0.692100, -0.266400, -0.539700 ]
[ 8.944000e+00 ] [ 0.008800, -0.749300, -0.271200, -0.604100 ] [ 0.398600, -0.692100, -0.266400, -0.539700 ]
[ 9.043000e+00 ] [ 0.008800, -0.749300, -0.271200, -0.604100 ] [ 0.398600, -0.692100, -0.266400, -0.539700 ]
[ 9.143000e+00 ] [ 0.004800, -0.751000, -0.266600, -0.604100 ] [ 0.394900, -0.693200, -0.262800, -0.542600 ]
[ 9.245000e+00 ] [ 0.004800, -0.751000, -0.266600, -0.604100 ] [ 0.394900, -0.693200, -0.262800, -0.542600 ]
[ 9.344000e+00 ] [ -0.002000, -0.754100, -0.257700, -0.604100 ] [ 0.393500, -0.694000, -0.261000, -0.543500 ]
[ 9.444000e+00 ] [ -0.002000, -0.754100, -0.257700, -0.604100 ] [ 0.393500, -0.694000, -0.261000, -0.543500 ]
[ 9.544000e+00 ] [ -0.002000, -0.754100, -0.257700, -0.604100 ] [ 0.393500, -0.694000, -0.261000, -0.543500 ]
[ 9.644000e+00 ] [ -0.005300, -0.755700, -0.252900, -0.604100 ] [ 0.392200, -0.694600, -0.259600, -0.544300 ]
[ 9.753000e+00 ] [ -0.005300, -0.755700, -0.252900, -0.604100 ] [ 0.392200, -0.694600, -0.259600, -0.544300 ]
[ 9.844000e+00 ] [ -0.005300, -0.755700, -0.252900, -0.604100 ] [ 0.392200, -0.694600, -0.259600, -0.544300 ]
[ 9.944000e+00 ] [ -0.009200, -0.757300, -0.248300, -0.603900 ] [ 0.389900, -0.695500, -0.256900, -0.546100 ]
[ 1.004400e+01 ] [ -0.009200, -0.757300, -0.248300, -0.603900 ] [ 0.389900, -0.695500, -0.256900, -0.546100 ]
[ 1.014400e+01 ] [ -0.013000, -0.758800, -0.243500, -0.603900 ] [ 0.388000, -0.696700, -0.255000, -0.546900 ]
[ 1.024500e+01 ] [ -0.013000, -0.758800, -0.243500, -0.603900 ] [ 0.388000, -0.696700, -0.255000, -0.546900 ]
[ 1.034300e+01 ] [ -0.013000, -0.758800, -0.243500, -0.603900 ] [ 0.388000, -0.696700, -0.255000, -0.546900 ]
[ 1.044400e+01 ] [ -0.016200, -0.760300, -0.239300, -0.603700 ] [ 0.381700, -0.703200, -0.252800, -0.543900 ]
[ 1.054300e+01 ] [ -0.016200, -0.760300, -0.239300, -0.603700 ] [ 0.381700, -0.703200, -0.252800, -0.543900 ]
[ 1.064300e+01 ] [ -0.016200, -0.760300, -0.239300, -0.603700 ] [ 0.381700, -0.703200, -0.252800, -0.543900 ]
[ 1.074400e+01 ] [ -0.004200, -0.758200, -0.241700, -0.605500 ] [ 0.375200, -0.722000, -0.258400, -0.520800 ]
[ 1.084400e+01 ] [ -0.004200, -0.758200, -0.241700, -0.605500 ] [ 0.375200, -0.722000, -0.258400, -0.520800 ]
[ 1.094300e+01 ] [ -0.004200, -0.758200, -0.241700, -0.605500 ] [ 0.375200, -0.722000, -0.258400, -0.520800 ]
[ 1.104500e+01 ] [ 0.026200, -0.759700, -0.257000, -0.596800 ] [ 0.374300, -0.742900, -0.273800, -0.482700 ]
[ 1.114300e+01 ] [ 0.026200, -0.759700, -0.257000, -0.596800 ] [ 0.374300, -0.742900, -0.273800, -0.482700 ]
[ 1.124400e+01 ] [ 0.026200, -0.759700, -0.257000, -0.596800 ] [ 0.374300, -0.742900, -0.273800, -0.482700 ]
[ 1.134400e+01 ] [ 0.107500, -0.754100, -0.287700, -0.580500 ] [ 0.377000, -0.833900, -0.285100, -0.284900 ]
[ 1.144400e+01 ] [ 0.107500, -0.754100, -0.287700, -0.580500 ] [ 0.377000, -0.833900, -0.285100, -0.284900 ]
[ 1.154300e+01 ] [ 0.128900, -0.762100, -0.294900, -0.561800 ] [ 0.348600, -0.866000, -0.285100, -0.217500 ]
[ 1.164300e+01 ] [ 0.128900, -0.762100, -0.294900, -0.561800 ] [ 0.348600, -0.866000, -0.285100, -0.217500 ]
[ 1.174300e+01 ] [ 0.128900, -0.762100, -0.294900, -0.561800 ] [ 0.348600, -0.866000, -0.285100, -0.217500 ]
[ 1.184400e+01 ] [ 0.146300, -0.766900, -0.297600, -0.549500 ] [ 0.324300, -0.897100, -0.268900, -0.133400 ]
[ 1.194300e+01 ] [ 0.146300, -0.766900, -0.297600, -0.549500 ] [ 0.324300, -0.897100, -0.268900, -0.133400 ]
[ 1.204300e+01 ] [ 0.150800, -0.770000, -0.295800, -0.544800 ] [ 0.297200, -0.922400, -0.238300, -0.064100 ]
[ 1.214400e+01 ] [ 0.150800, -0.770000, -0.295800, -0.544800 ] [ 0.297200, -0.922400, -0.238300, -0.064100 ]
[ 1.224300e+01 ] [ 0.150800, -0.770000, -0.295800, -0.544800 ] [ 0.297200, -0.922400, -0.238300, -0.064100 ]
[ 1.234300e+01 ] [ 0.151800, -0.774800, -0.297900, -0.536600 ] [ 0.270900, -0.939700, -0.208200, -0.017700 ]
[ 1.244500e+01 ] [ 0.151800, -0.774800, -0.297900, -0.536600 ] [ 0.270900, -0.939700, -0.208200, -0.017700 ]
[ 1.254500e+01 ] [ 0.151800, -0.774800, -0.297900, -0.536600 ] [ 0.270900, -0.939700, -0.208200, -0.017700 ]
[ 1.264500e+01 ] [ 0.150900, -0.779400, -0.301600, -0.528000 ] [ 0.221800, -0.959200, -0.167600, 0.051600 ]
[ 1.275800e+01 ] [ 0.150900, -0.779400, -0.301600, -0.528000 ] [ 0.221800, -0.959200, -0.167600, 0.051600 ]
[ 1.284500e+01 ] [ 0.150900, -0.779400, -0.301600, -0.528000 ] [ 0.221800, -0.959200, -0.167600, 0.051600 ]
[ 1.294700e+01 ] [ 0.146800, -0.778800, -0.302600, -0.529500 ] [ 0.221700, -0.959000, -0.169400, 0.049700 ]
[ 1.304500e+01 ] [ 0.146800, -0.778800, -0.302600, -0.529500 ] [ 0.221700, -0.959000, -0.169400, 0.049700 ]
[ 1.314400e+01 ] [ 0.143600, -0.779600, -0.299900, -0.530700 ] [ 0.221400, -0.959200, -0.168000, 0.050900 ]
[ 1.324500e+01 ] [ 0.143600, -0.779600, -0.299900, -0.530700 ] [ 0.221400, -0.959200, -0.168000, 0.050900 ]
[ 1.334700e+01 ] [ 0.143600, -0.779600, -0.299900, -0.530700 ] [ 0.221400, -0.959200, -0.168000, 0.050900 ]
[ 1.344500e+01 ] [ 0.140200, -0.780100, -0.297600, -0.532100 ] [ 0.221100, -0.959600, -0.166100, 0.051800 ]
[ 1.354400e+01 ] [ 0.140200, -0.780100, -0.297600, -0.532100 ] [ 0.221100, -0.959600, -0.166100, 0.051800 ]
[ 1.364400e+01 ] [ 0.140200, -0.780100, -0.297600, -0.532100 ] [ 0.221100, -0.959600, -0.166100, 0.051800 ]
[ 1.374500e+01 ] [ 0.137200, -0.780600, -0.294800, -0.533800 ] [ 0.220900, -0.959800, -0.164600, 0.053400 ]
[ 1.384500e+01 ] [ 0.137200, -0.780600, -0.294800, -0.533800 ] [ 0.220900, -0.959800, -0.164600, 0.053400 ]
[ 1.394500e+01 ] [ 0.137200, -0.780600, -0.294800, -0.533800 ] [ 0.220900, -0.959800, -0.164600, 0.053400 ]
[ 1.404400e+01 ] [ 0.133900, -0.781100, -0.292900, -0.534900 ] [ 0.252000, -0.951300, -0.177200, 0.006100 ]
[ 1.414400e+01 ] [ 0.133900, -0.781100, -0.292900, -0.534900 ] [ 0.252000, -0.951300, -0.177200, 0.006100 ]
[ 1.424500e+01 ] [ 0.133900, -0.781100, -0.292900, -0.534900 ] [ 0.252000, -0.951300, -0.177200, 0.006100 ]
[ 1.434600e+01 ] [ 0.090700, -0.750600, -0.287300, -0.588000 ] [ 0.334000, -0.908400, -0.222400, -0.117800 ]
[ 1.444500e+01 ] [ 0.090700, -0.750600, -0.287300, -0.588000 ] [ 0.334000, -0.908400, -0.222400, -0.117800 ]
[ 1.454500e+01 ] [ 0.057800, -0.734600, -0.277000, -0.616700 ] [ 0.396300, -0.849200, -0.254300, -0.239200 ]
[ 1.464500e+01 ] [ 0.057800, -0.734600, -0.277000, -0.616700 ] [ 0.396300, -0.849200, -0.254300, -0.239200 ]
[ 1.474400e+01 ] [ 0.029800, -0.730700, -0.261000, -0.630200 ] [ 0.421700, -0.801300, -0.266800, -0.329900 ]
[ 1.484500e+01 ] [ 0.029800, -0.730700, -0.261000, -0.630200 ] [ 0.421700, -0.801300, -0.266800, -0.329900 ]
[ 1.494500e+01 ] [ 0.029800, -0.730700, -0.261000, -0.630200 ] [ 0.421700, -0.801300, -0.266800, -0.329900 ]
[ 1.504600e+01 ] [ 0.008100, -0.731200, -0.247400, -0.635700 ] [ 0.426900, -0.765900, -0.277000, -0.393000 ]
[ 1.514400e+01 ] [ 0.008100, -0.731200, -0.247400, -0.635700 ] [ 0.426900, -0.765900, -0.277000, -0.393000 ]
[ 1.524500e+01 ] [ 0.008100, -0.731200, -0.247400, -0.635700 ] [ 0.426900, -0.765900, -0.277000, -0.393000 ]
[ 1.534500e+01 ] [ 0.003700, -0.733700, -0.241700, -0.635000 ] [ 0.434300, -0.748700, -0.273600, -0.419500 ]
[ 1.544500e+01 ] [ 0.003700, -0.733700, -0.241700, -0.635000 ] [ 0.434300, -0.748700, -0.273600, -0.419500 ]
[ 1.554400e+01 ] [ 0.003700, -0.733700, -0.241700, -0.635000 ] [ 0.434300, -0.748700, -0.273600, -0.419500 ]
[ 1.564500e+01 ] [ -0.004800, -0.738000, -0.225300, -0.636000 ] [ 0.445000, -0.739600, -0.270200, -0.426500 ]
[ 1.575600e+01 ] [ -0.004800, -0.738000, -0.225300, -0.636000 ] [ 0.445000, -0.739600, -0.270200, -0.426500 ]
[ 1.584500e+01 ] [ -0.004800, -0.738000, -0.225300, -0.636000 ] [ 0.445000, -0.739600, -0.270200, -0.426500 ]
[ 1.594500e+01 ] [ -0.008600, -0.740000, -0.218100, -0.636200 ] [ 0.445300, -0.739100, -0.268400, -0.428100 ]
[ 1.604300e+01 ] [ -0.008600, -0.740000, -0.218100, -0.636200 ] [ 0.445300, -0.739100, -0.268400, -0.428100 ]
[ 1.614500e+01 ] [ -0.008600, -0.740000, -0.218100, -0.636200 ] [ 0.445300, -0.739100, -0.268400, -0.428100 ]
[ 1.624600e+01 ] [ -0.009000, -0.742500, -0.212600, -0.635200 ] [ 0.439700, -0.765000, -0.275500, -0.381400 ]
[ 1.634600e+01 ] [ -0.009000, -0.742500, -0.212600, -0.635200 ] [ 0.439700, -0.765000, -0.275500, -0.381400 ]
[ 1.644500e+01 ] [ 0.005000, -0.749100, -0.213500, -0.627100 ] [ 0.418400, -0.826100, -0.279200, -0.254000 ]
[ 1.654500e+01 ] [ 0.005000, -0.749100, -0.213500, -0.627100 ] [ 0.418400, -0.826100, -0.279200, -0.254000 ]
[ 1.664500e+01 ] [ 0.005000, -0.749100, -0.213500, -0.627100 ] [ 0.418400, -0.826100, -0.279200, -0.254000 ]
[ 1.674500e+01 ] [ 0.051100, -0.770100, -0.218100, -0.597300 ] [ 0.365800, -0.891300, -0.242100, -0.114700 ]
[ 1.684500e+01 ] [ 0.051100, -0.770100, -0.218100, -0.597300 ] [ 0.365800, -0.891300, -0.242100, -0.114700 ]
[ 1.694500e+01 ] [ 0.051100, -0.770100, -0.218100, -0.597300 ] [ 0.365800, -0.891300, -0.242100, -0.114700 ]
[ 1.705000e+01 ] [ 0.109100, -0.805800, -0.217000, -0.540100 ] [ 0.307000, -0.933600, -0.184700, -0.010000 ]
[ 1.714500e+01 ] [ 0.109100, -0.805800, -0.217000, -0.540100 ] [ 0.307000, -0.933600, -0.184700, -0.010000 ]
[ 1.724800e+01 ] [ 0.101400, -0.804300, -0.216800, -0.543900 ] [ 0.274800, -0.949400, -0.148300, 0.034000 ]
[ 1.734500e+01 ] [ 0.101400, -0.804300, -0.216800, -0.543900 ] [ 0.274800, -0.949400, -0.148300, 0.034000 ]
[ 1.744500e+01 ] [ 0.101400, -0.804300, -0.216800, -0.543900 ] [ 0.274800, -0.949400, -0.148300, 0.034000 ]
[ 1.754600e+01 ] [ 0.101400, -0.804300, -0.216800, -0.543900 ] [ 0.274800, -0.949400, -0.148300, 0.034000 ]
[ 1.764500e+01 ] [ 0.091500, -0.804200, -0.215100, -0.546500 ] [ 0.271900, -0.952900, -0.129900, 0.035100 ]
[ 1.774500e+01 ] [ 0.091500, -0.804200, -0.215100, -0.546500 ] [ 0.271900, -0.952900, -0.129900, 0.035100 ]
[ 1.784500e+01 ] [ 0.086400, -0.805100, -0.213000, -0.546800 ] [ 0.272500, -0.953400, -0.125200, 0.033000 ]
[ 1.794500e+01 ] [ 0.086400, -0.805100, -0.213000, -0.546800 ] [ 0.272500, -0.953400, -0.125200, 0.033000 ]
[ 1.804500e+01 ] [ 0.086400, -0.805100, -0.213000, -0.546800 ] [ 0.272500, -0.953400, -0.125200, 0.033000 ]
[ 1.814500e+01 ] [ 0.082200, -0.806400, -0.212900, -0.545600 ] [ 0.282600, -0.951400, -0.117000, 0.035100 ]
[ 1.824500e+01 ] [ 0.082200, -0.806400, -0.212900, -0.545600 ] [ 0.282600, -0.951400, -0.117000, 0.035100 ]
[ 1.834500e+01 ] [ 0.075400, -0.811700, -0.213100, -0.538500 ] [ 0.283500, -0.955400, -0.072600, 0.038800 ]
[ 1.844400e+01 ] [ 0.075400, -0.811700, -0.213100, -0.538500 ] [ 0.283500, -0.955400, -0.072600, 0.038800 ]
[ 1.854600e+01 ] [ 0.075400, -0.811700, -0.213100, -0.538500 ] [ 0.283500, -0.955400, -0.072600, 0.038800 ]
[ 1.864500e+01 ] [ 0.056100, -0.824900, -0.210400, -0.521600 ] [ 0.228600, -0.972500, 0.022300, 0.037800 ]
[ 1.875800e+01 ] [ 0.056100, -0.824900, -0.210400, -0.521600 ] [ 0.228600, -0.972500, 0.022300, 0.037800 ]
[ 1.884500e+01 ] [ 0.056100, -0.824900, -0.210400, -0.521600 ] [ 0.228600, -0.972500, 0.022300, 0.037800 ]
[ 1.894500e+01 ] [ -0.035300, -0.863600, -0.150900, -0.479800 ] [ 0.177400, -0.930400, 0.320700, -0.006800 ]
[ 1.904600e+01 ] [ -0.035300, -0.863600, -0.150900, -0.479800 ] [ 0.177400, -0.930400, 0.320700, -0.006800 ]
[ 1.914400e+01 ] [ -0.035300, -0.863600, -0.150900, -0.479800 ] [ 0.177400, -0.930400, 0.320700, -0.006800 ]
[ 1.924600e+01 ] [ -0.073500, -0.874300, -0.126000, -0.463000 ] [ 0.180300, -0.898400, 0.399200, -0.031800 ]
[ 1.934400e+01 ] [ -0.073500, -0.874300, -0.126000, -0.463000 ] [ 0.180300, -0.898400, 0.399200, -0.031800 ]
[ 1.944500e+01 ] [ -0.094200, -0.880200, -0.109900, -0.452000 ] [ 0.184200, -0.875900, 0.443600, -0.044900 ]
[ 1.954700e+01 ] [ -0.094200, -0.880200, -0.109900, -0.452000 ] [ 0.184200, -0.875900, 0.443600, -0.044900 ]
[ 1.964400e+01 ] [ -0.094200, -0.880200, -0.109900, -0.452000 ] [ 0.184200, -0.875900, 0.443600, -0.044900 ]
[ 1.974500e+01 ] [ -0.101700, -0.881500, -0.102100, -0.449700 ] [ 0.183900, -0.866400, 0.461200, -0.052800 ]
[ 1.984500e+01 ] [ -0.101700, -0.881500, -0.102100, -0.449700 ] [ 0.183900, -0.866400, 0.461200, -0.052800 ]
[ 1.994600e+01 ] [ -0.107000, -0.881900, -0.095800, -0.449000 ] [ 0.185400, -0.863100, 0.466500, -0.054800 ]
[ 2.004400e+01 ] [ -0.107000, -0.881900, -0.095800, -0.449000 ] [ 0.185400, -0.863100, 0.466500, -0.054800 ]
[ 2.014400e+01 ] [ -0.107000, -0.881900, -0.095800, -0.449000 ] [ 0.185400, -0.863100, 0.466500, -0.054800 ]
[ 2.024500e+01 ] [ -0.110600, -0.881600, -0.089900, -0.449900 ] [ 0.187300, -0.860500, 0.470100, -0.058600 ]
[ 2.034500e+01 ] [ -0.110600, -0.881600, -0.089900, -0.449900 ] [ 0.187300, -0.860500, 0.470100, -0.058600 ]
[ 2.044500e+01 ] [ -0.110600, -0.881600, -0.089900, -0.449900 ] [ 0.187300, -0.860500, 0.470100, -0.058600 ]
[ 2.054500e+01 ] [ -0.089400, -0.882000, -0.094600, -0.452800 ] [ 0.183500, -0.874000, 0.447100, -0.049600 ]
[ 2.064500e+01 ] [ -0.089400, -0.882000, -0.094600, -0.452800 ] [ 0.183500, -0.874000, 0.447100, -0.049600 ]
[ 2.074400e+01 ] [ -0.089400, -0.882000, -0.094600, -0.452800 ] [ 0.183500, -0.874000, 0.447100, -0.049600 ]
[ 2.084400e+01 ] [ -0.019000, -0.879400, -0.130500, -0.457500 ] [ 0.150500, -0.923500, 0.352900, 0.006600 ]
[ 2.094500e+01 ] [ -0.019000, -0.879400, -0.130500, -0.457500 ] [ 0.150500, -0.923500, 0.352900, 0.006600 ]
[ 2.104600e+01 ] [ 0.033200, -0.872700, -0.158300, -0.460700 ] [ 0.131500, -0.965700, 0.217100, 0.055300 ]
[ 2.114400e+01 ] [ 0.033200, -0.872700, -0.158300, -0.460700 ] [ 0.131500, -0.965700, 0.217100, 0.055300 ]
[ 2.124500e+01 ] [ 0.033200, -0.872700, -0.158300, -0.460700 ] [ 0.131500, -0.965700, 0.217100, 0.055300 ]
[ 2.134600e+01 ] [ 0.058500, -0.863700, -0.175800, -0.468700 ] [ 0.143200, -0.983600, 0.082700, 0.071500 ]
[ 2.144400e+01 ] [ 0.058500, -0.863700, -0.175800, -0.468700 ] [ 0.143200, -0.983600, 0.082700, 0.071500 ]
[ 2.154500e+01 ] [ 0.058500, -0.863700, -0.175800, -0.468700 ] [ 0.143200, -0.983600, 0.082700, 0.071500 ]
[ 2.164500e+01 ] [ 0.083900, -0.857400, -0.193800, -0.469300 ] [ 0.166800, -0.982800, -0.046300, 0.064800 ]
[ 2.175400e+01 ] [ 0.083900, -0.857400, -0.193800, -0.469300 ] [ 0.166800, -0.982800, -0.046300, 0.064800 ]
[ 2.184400e+01 ] [ 0.083900, -0.857400, -0.193800, -0.469300 ] [ 0.166800, -0.982800, -0.046300, 0.064800 ]
[ 2.194400e+01 ] [ 0.118900, -0.847600, -0.224000, -0.466100 ] [ 0.224500, -0.948400, -0.218700, 0.048900 ]
[ 2.204400e+01 ] [ 0.118900, -0.847600, -0.224000, -0.466100 ] [ 0.224500, -0.948400, -0.218700, 0.048900 ]
[ 2.214500e+01 ] [ 0.118900, -0.847600, -0.224000, -0.466100 ] [ 0.224500, -0.948400, -0.218700, 0.048900 ]
[ 2.224500e+01 ] [ 0.117000, -0.847900, -0.223300, -0.466300 ] [ 0.222700, -0.948200, -0.221300, 0.048600 ]
[ 2.234500e+01 ] [ 0.117000, -0.847900, -0.223300, -0.466300 ] [ 0.222700, -0.948200, -0.221300, 0.048600 ]
[ 2.244500e+01 ] [ 0.117000, -0.847900, -0.223300, -0.466300 ] [ 0.222700, -0.948200, -0.221300, 0.048600 ]
[ 2.254400e+01 ] [ 0.108300, -0.849100, -0.222200, -0.466900 ] [ 0.206000, -0.963600, -0.160900, 0.056800 ]
[ 2.264500e+01 ] [ 0.108300, -0.849100, -0.222200, -0.466900 ] [ 0.206000, -0.963600, -0.160900, 0.056800 ]
[ 2.274500e+01 ] [ 0.087200, -0.853500, -0.214700, -0.466800 ] [ 0.150800, -0.986600, -0.020900, 0.059300 ]
[ 2.284500e+01 ] [ 0.087200, -0.853500, -0.214700, -0.466800 ] [ 0.150800, -0.986600, -0.020900, 0.059300 ]
[ 2.294500e+01 ] [ 0.087200, -0.853500, -0.214700, -0.466800 ] [ 0.150800, -0.986600, -0.020900, 0.059300 ]
[ 2.304500e+01 ] [ 0.059100, -0.867000, -0.189700, -0.456900 ] [ 0.134500, -0.976800, 0.155900, 0.058500 ]
[ 2.314400e+01 ] [ 0.059100, -0.867000, -0.189700, -0.456900 ] [ 0.134500, -0.976800, 0.155900, 0.058500 ]
[ 2.324500e+01 ] [ 0.059100, -0.867000, -0.189700, -0.456900 ] [ 0.134500, -0.976800, 0.155900, 0.058500 ]
[ 2.334500e+01 ] [ -0.062300, -0.893900, -0.071500, -0.438100 ] [ 0.122500, -0.944800, 0.301400, 0.039200 ]
[ 2.344500e+01 ] [ -0.062300, -0.893900, -0.071500, -0.438100 ] [ 0.122500, -0.944800, 0.301400, 0.039200 ]
[ 2.354500e+01 ] [ -0.085300, -0.896900, -0.039300, -0.432100 ] [ 0.133600, -0.906400, 0.399800, 0.025600 ]
[ 2.364500e+01 ] [ -0.085300, -0.896900, -0.039300, -0.432100 ] [ 0.133600, -0.906400, 0.399800, 0.025600 ]
[ 2.374500e+01 ] [ -0.085300, -0.896900, -0.039300, -0.432100 ] [ 0.133600, -0.906400, 0.399800, 0.025600 ]
[ 2.384400e+01 ] [ -0.101800, -0.897100, -0.015100, -0.429600 ] [ 0.152100, -0.847600, 0.508200, 0.013200 ]
[ 2.394500e+01 ] [ -0.101800, -0.897100, -0.015100, -0.429600 ] [ 0.152100, -0.847600, 0.508200, 0.013200 ]
[ 2.404600e+01 ] [ -0.101800, -0.897100, -0.015100, -0.429600 ] [ 0.152100, -0.847600, 0.508200, 0.013200 ]
[ 2.414400e+01 ] [ -0.107000, -0.896400, -0.005900, -0.430100 ] [ 0.150500, -0.849200, 0.506000, 0.014500 ]
[ 2.424600e+01 ] [ -0.107000, -0.896400, -0.005900, -0.430100 ] [ 0.150500, -0.849200, 0.506000, 0.014500 ]
[ 2.434500e+01 ] [ -0.104900, -0.897200, -0.003900, -0.428900 ] [ 0.146800, -0.857900, 0.492000, 0.019400 ]
[ 2.444500e+01 ] [ -0.104900, -0.897200, -0.003900, -0.428900 ] [ 0.146800, -0.857900, 0.492000, 0.019400 ]
[ 2.454500e+01 ] [ -0.104900, -0.897200, -0.003900, -0.428900 ] [ 0.146800, -0.857900, 0.492000, 0.019400 ]
[ 2.464400e+01 ] [ -0.012000, -0.892000, -0.071700, -0.446100 ] [ 0.136000, -0.896500, 0.419500, 0.043700 ]
[ 2.475000e+01 ] [ -0.012000, -0.892000, -0.071700, -0.446100 ] [ 0.136000, -0.896500, 0.419500, 0.043700 ]
[ 2.484400e+01 ] [ -0.012000, -0.892000, -0.071700, -0.446100 ] [ 0.136000, -0.896500, 0.419500, 0.043700 ]
[ 2.494500e+01 ] [ 0.021300, -0.877000, -0.105900, -0.468200 ] [ 0.119400, -0.951900, 0.273900, 0.068200 ]
[ 2.504500e+01 ] [ 0.021300, -0.877000, -0.105900, -0.468200 ] [ 0.119400, -0.951900, 0.273900, 0.068200 ]
[ 2.514500e+01 ] [ 0.021300, -0.877000, -0.105900, -0.468200 ] [ 0.119400, -0.951900, 0.273900, 0.068200 ]
[ 2.524500e+01 ] [ 0.044700, -0.865800, -0.131400, -0.480700 ] [ 0.119300, -0.985600, -0.065300, 0.101000 ]
[ 2.534400e+01 ] [ 0.044700, -0.865800, -0.131400, -0.480700 ] [ 0.119300, -0.985600, -0.065300, 0.101000 ]
[ 2.544500e+01 ] [ 0.061000, -0.860500, -0.148800, -0.483500 ] [ 0.128800, -0.981300, -0.103700, 0.098400 ]
[ 2.554400e+01 ] [ 0.061000, -0.860500, -0.148800, -0.483500 ] [ 0.128800, -0.981300, -0.103700, 0.098400 ]
[ 2.564500e+01 ] [ 0.061000, -0.860500, -0.148800, -0.483500 ] [ 0.128800, -0.981300, -0.103700, 0.098400 ]
[ 2.574500e+01 ] [ 0.065700, -0.856600, -0.156000, -0.487400 ] [ 0.136200, -0.979000, -0.115500, 0.098600 ]
[ 2.584600e+01 ] [ 0.065700, -0.856600, -0.156000, -0.487400 ] [ 0.136200, -0.979000, -0.115500, 0.098600 ]
[ 2.594400e+01 ] [ 0.065700, -0.856600, -0.156000, -0.487400 ] [ 0.136200, -0.979000, -0.115500, 0.098600 ]
[ 2.604500e+01 ] [ 0.066800, -0.855200, -0.155200, -0.489900 ] [ 0.132600, -0.979800, -0.107800, 0.104100 ]
[ 2.614500e+01 ] [ 0.066800, -0.855200, -0.155200, -0.489900 ] [ 0.132600, -0.979800, -0.107800, 0.104100 ]
[ 2.624500e+01 ] [ 0.066800, -0.855200, -0.155200, -0.489900 ] [ 0.132600, -0.979800, -0.107800, 0.104100 ]
[ 2.634600e+01 ] [ 0.057200, -0.861100, -0.145500, -0.483800 ] [ 0.129500, -0.983700, -0.024300, 0.122700 ]
[ 2.644400e+01 ] [ 0.057200, -0.861100, -0.145500, -0.483800 ] [ 0.129500, -0.983700, -0.024300, 0.122700 ]
[ 2.654600e+01 ] [ 0.029800, -0.875700, -0.108800, -0.469400 ] [ 0.131100, -0.973600, 0.138900, 0.125000 ]
[ 2.664500e+01 ] [ 0.029800, -0.875700, -0.108800, -0.469400 ] [ 0.131100, -0.973600, 0.138900, 0.125000 ]
[ 2.674500e+01 ] [ 0.029800, -0.875700, -0.108800, -0.469400 ] [ 0.131100, -0.973600, 0.138900, 0.125000 ]
[ 2.684400e+01 ] [ -0.063600, -0.888200, -0.007000, -0.454900 ] [ 0.178300, -0.922100, 0.328500, 0.100500 ]
[ 2.694700e+01 ] [ -0.063600, -0.888200, -0.007000, -0.454900 ] [ 0.178300, -0.922100, 0.328500, 0.100500 ]
[ 2.704400e+01 ] [ -0.063600, -0.888200, -0.007000, -0.454900 ] [ 0.178300, -0.922100, 0.328500, 0.100500 ]
[ 2.714500e+01 ] [ -0.091400, -0.893800, 0.013000, -0.438900 ] [ 0.186200, -0.872600, 0.446100, 0.070500 ]
[ 2.724600e+01 ] [ -0.091400, -0.893800, 0.013000, -0.438900 ] [ 0.186200, -0.872600, 0.446100, 0.070500 ]
[ 2.734400e+01 ] [ -0.091400, -0.893800, 0.013000, -0.438900 ] [ 0.186200, -0.872600, 0.446100, 0.070500 ]
[ 2.744400e+01 ] [ -0.095600, -0.894600, 0.016600, -0.436100 ] [ 0.187000, -0.846500, 0.496700, 0.041600 ]
[ 2.754400e+01 ] [ -0.095600, -0.894600, 0.016600, -0.436100 ] [ 0.187000, -0.846500, 0.496700, 0.041600 ]
[ 2.764500e+01 ] [ -0.095200, -0.895100, 0.021900, -0.435100 ] [ 0.189600, -0.845200, 0.498000, 0.040300 ]
[ 2.775100e+01 ] [ -0.095200, -0.895100, 0.021900, -0.435100 ] [ 0.189600, -0.845200, 0.498000, 0.040300 ]
[ 2.784500e+01 ] [ -0.095200, -0.895100, 0.021900, -0.435100 ] [ 0.189600, -0.845200, 0.498000, 0.040300 ]
[ 2.794700e+01 ] [ -0.098600, -0.894400, 0.025800, -0.435600 ] [ 0.188100, -0.847900, 0.493900, 0.040800 ]
[ 2.804500e+01 ] [ -0.098600, -0.894400, 0.025800, -0.435600 ] [ 0.188100, -0.847900, 0.493900, 0.040800 ]
[ 2.814500e+01 ] [ -0.098600, -0.894400, 0.025800, -0.435600 ] [ 0.188100, -0.847900, 0.493900, 0.040800 ]
[ 2.824400e+01 ] [ -0.098200, -0.895700, 0.030900, -0.432700 ] [ 0.185900, -0.850100, 0.490800, 0.042400 ]
[ 2.834400e+01 ] [ -0.098200, -0.895700, 0.030900, -0.432700 ] [ 0.185900, -0.850100, 0.490800, 0.042400 ]
[ 2.844500e+01 ] [ -0.098200, -0.895700, 0.030900, -0.432700 ] [ 0.185900, -0.850100, 0.490800, 0.042400 ]
[ 2.854500e+01 ] [ -0.098900, -0.896800, 0.040300, -0.429300 ] [ 0.175700, -0.853400, 0.489100, 0.040200 ]
[ 2.864500e+01 ] [ -0.098900, -0.896800, 0.040300, -0.429300 ] [ 0.175700, -0.853400, 0.489100, 0.040200 ]
[ 2.874600e+01 ] [ -0.097500, -0.896900, 0.040600, -0.429400 ] [ 0.174900, -0.857600, 0.482100, 0.038800 ]
[ 2.884500e+01 ] [ -0.097500, -0.896900, 0.040600, -0.429400 ] [ 0.174900, -0.857600, 0.482100, 0.038800 ]
[ 2.894400e+01 ] [ -0.097500, -0.896900, 0.040600, -0.429400 ] [ 0.174900, -0.857600, 0.482100, 0.038800 ]
[ 2.904400e+01 ] [ -0.096000, -0.896800, 0.043700, -0.429700 ] [ 0.168200, -0.859400, 0.481000, 0.043300 ]
[ 2.914500e+01 ] [ -0.096000, -0.896800, 0.043700, -0.429700 ] [ 0.168200, -0.859400, 0.481000, 0.043300 ]
[ 2.924500e+01 ] [ -0.089600, -0.897200, 0.038300, -0.430800 ] [ 0.169900, -0.862300, 0.474200, 0.051200 ]
[ 2.934600e+01 ] [ -0.089600, -0.897200, 0.038300, -0.430800 ] [ 0.169900, -0.862300, 0.474200, 0.051200 ]
[ 2.944400e+01 ] [ -0.089600, -0.897200, 0.038300, -0.430800 ] [ 0.169900, -0.862300, 0.474200, 0.051200 ]
[ 2.954500e+01 ] [ -0.089600, -0.897200, 0.038300, -0.430800 ] [ 0.169900, -0.862300, 0.474200, 0.051200 ]
[ 2.964500e+01 ] [ -0.104000, -0.883500, 0.051100, -0.453900 ] [ 0.177300, -0.863100, 0.468700, 0.062900 ]
[ 2.974400e+01 ] [ -0.104000, -0.883500, 0.051100, -0.453900 ] [ 0.177300, -0.863100, 0.468700, 0.062900 ]
[ 2.984600e+01 ] [ -0.095100, -0.883600, 0.055600, -0.455200 ] [ 0.166700, -0.868900, 0.460200, 0.073000 ]
[ 2.994500e+01 ] [ -0.095100, -0.883600, 0.055600, -0.455200 ] [ 0.166700, -0.868900, 0.460200, 0.073000 ]
[ 3.004400e+01 ] [ -0.095100, -0.883600, 0.055600, -0.455200 ] [ 0.166700, -0.868900, 0.460200, 0.073000 ]
[ 3.014500e+01 ] [ -0.082600, -0.884000, 0.058800, -0.456300 ] [ 0.148300, -0.880700, 0.441900, 0.084300 ]
[ 3.024500e+01 ] [ -0.082600, -0.884000, 0.058800, -0.456300 ] [ 0.148300, -0.880700, 0.441900, 0.084300 ]
[ 3.034500e+01 ] [ -0.066600, -0.884300, 0.061300, -0.458000 ] [ 0.132900, -0.894700, 0.415400, 0.096500 ]
[ 3.044500e+01 ] [ -0.066600, -0.884300, 0.061300, -0.458000 ] [ 0.132900, -0.894700, 0.415400, 0.096500 ]
[ 3.054600e+01 ] [ -0.066600, -0.884300, 0.061300, -0.458000 ] [ 0.132900, -0.894700, 0.415400, 0.096500 ]
[ 3.064400e+01 ] [ -0.058400, -0.879800, 0.077800, -0.465400 ] [ 0.130500, -0.896200, 0.409600, 0.109500 ]
[ 3.075100e+01 ] [ -0.058400, -0.879800, 0.077800, -0.465400 ] [ 0.130500, -0.896200, 0.409600, 0.109500 ]
[ 3.084400e+01 ] [ -0.058400, -0.879800, 0.077800, -0.465400 ] [ 0.130500, -0.896200, 0.409600, 0.109500 ]
[ 3.094500e+01 ] [ -0.058400, -0.879800, 0.077800, -0.465400 ] [ 0.130500, -0.896200, 0.409600, 0.109500 ]
[ 3.104400e+01 ] [ -0.094900, -0.853000, 0.132000, -0.495900 ] [ 0.163200, -0.882800, 0.425000, 0.115800 ]
[ 3.114500e+01 ] [ -0.094900, -0.853000, 0.132000, -0.495900 ] [ 0.163200, -0.882800, 0.425000, 0.115800 ]
[ 3.124500e+01 ] [ -0.105500, -0.839200, 0.144000, -0.513700 ] [ 0.181400, -0.883700, 0.415200, 0.117700 ]
[ 3.134500e+01 ] [ -0.105500, -0.839200, 0.144000, -0.513700 ] [ 0.181400, -0.883700, 0.415200, 0.117700 ]
[ 3.144400e+01 ] [ -0.105500, -0.839200, 0.144000, -0.513700 ] [ 0.181400, -0.883700, 0.415200, 0.117700 ]
[ 3.154700e+01 ] [ -0.106000, -0.837600, 0.136300, -0.518200 ] [ 0.187100, -0.888400, 0.404000, 0.111600 ]
[ 3.164500e+01 ] [ -0.106000, -0.837600, 0.136300, -0.518200 ] [ 0.187100, -0.888400, 0.404000, 0.111600 ]
[ 3.174500e+01 ] [ -0.106000, -0.837600, 0.136300, -0.518200 ] [ 0.187100, -0.888400, 0.404000, 0.111600 ]
[ 3.184600e+01 ] [ -0.113500, -0.843100, 0.131400, -0.508900 ] [ 0.186700, -0.890100, 0.401300, 0.108500 ]
[ 3.194500e+01 ] [ -0.113500, -0.843100, 0.131400, -0.508900 ] [ 0.186700, -0.890100, 0.401300, 0.108500 ]
[ 3.204400e+01 ] [ -0.109800, -0.856400, 0.125500, -0.488700 ] [ 0.179200, -0.891300, 0.403400, 0.103300 ]
[ 3.214500e+01 ] [ -0.109800, -0.856400, 0.125500, -0.488700 ] [ 0.179200, -0.891300, 0.403400, 0.103300 ]
[ 3.224400e+01 ] [ -0.109800, -0.856400, 0.125500, -0.488700 ] [ 0.179200, -0.891300, 0.403400, 0.103300 ]
[ 3.234500e+01 ] [ -0.128500, -0.879000, 0.096200, -0.449000 ] [ 0.132300, -0.925400, 0.325300, -0.142800 ]
[ 3.244300e+01 ] [ -0.128500, -0.879000, 0.096200, -0.449000 ] [ 0.132300, -0.925400, 0.325300, -0.142800 ]
[ 3.254400e+01 ] [ -0.128500, -0.879000, 0.096200, -0.449000 ] [ 0.132300, -0.925400, 0.325300, -0.142800 ]
[ 3.264500e+01 ] [ -0.155400, -0.880300, 0.062400, -0.444000 ] [ 0.095300, -0.905100, 0.240100, -0.337800 ]
[ 3.274600e+01 ] [ -0.155400, -0.880300, 0.062400, -0.444000 ] [ 0.095300, -0.905100, 0.240100, -0.337800 ]
[ 3.284400e+01 ] [ -0.182800, -0.868400, 0.065700, -0.456200 ] [ 0.058400, -0.851600, 0.147500, -0.499600 ]
[ 3.294500e+01 ] [ -0.182800, -0.868400, 0.065700, -0.456200 ] [ 0.058400, -0.851600, 0.147500, -0.499600 ]
[ 3.304400e+01 ] [ -0.182800, -0.868400, 0.065700, -0.456200 ] [ 0.058400, -0.851600, 0.147500, -0.499600 ]
[ 3.314400e+01 ] [ -0.260600, -0.845000, 0.072100, -0.461300 ] [ 0.042200, -0.800600, 0.082300, -0.592000 ]
[ 3.324500e+01 ] [ -0.260600, -0.845000, 0.072100, -0.461300 ] [ 0.042200, -0.800600, 0.082300, -0.592000 ]
[ 3.334400e+01 ] [ -0.260600, -0.845000, 0.072100, -0.461300 ] [ 0.042200, -0.800600, 0.082300, -0.592000 ]
[ 3.344500e+01 ] [ -0.269700, -0.843600, 0.088200, -0.455900 ] [ 0.044700, -0.783900, 0.042100, -0.617900 ]
[ 3.354500e+01 ] [ -0.269700, -0.843600, 0.088200, -0.455900 ] [ 0.044700, -0.783900, 0.042100, -0.617900 ]
[ 3.364500e+01 ] [ -0.269700, -0.843600, 0.088200, -0.455900 ] [ 0.044700, -0.783900, 0.042100, -0.617900 ]
[ 3.375100e+01 ] [ -0.285900, -0.833600, 0.106500, -0.460500 ] [ 0.032100, -0.765000, 0.050800, -0.641200 ]
[ 3.384400e+01 ] [ -0.285900, -0.833600, 0.106500, -0.460500 ] [ 0.032100, -0.765000, 0.050800, -0.641200 ]
[ 3.394500e+01 ] [ -0.285900, -0.833600, 0.106500, -0.460500 ] [ 0.032100, -0.765000, 0.050800, -0.641200 ]
[ 3.404500e+01 ] [ -0.262700, -0.816400, 0.103000, -0.503900 ] [ 0.089500, -0.755700, -0.022300, -0.648400 ]
[ 3.414500e+01 ] [ -0.262700, -0.816400, 0.103000, -0.503900 ] [ 0.089500, -0.755700, -0.022300, -0.648400 ]
[ 3.424400e+01 ] [ -0.263300, -0.787400, 0.081400, -0.551500 ] [ 0.332100, -0.738300, -0.194900, -0.553700 ]
[ 3.434500e+01 ] [ -0.263300, -0.787400, 0.081400, -0.551500 ] [ 0.332100, -0.738300, -0.194900, -0.553700 ]
[ 3.444400e+01 ] [ -0.263300, -0.787400, 0.081400, -0.551500 ] [ 0.332100, -0.738300, -0.194900, -0.553700 ]
[ 3.454600e+01 ] [ -0.278700, -0.778800, 0.087800, -0.555100 ] [ 0.378400, -0.717300, -0.216300, -0.543500 ]
[ 3.464400e+01 ] [ -0.278700, -0.778800, 0.087800, -0.555100 ] [ 0.378400, -0.717300, -0.216300, -0.543500 ]
[ 3.474500e+01 ] [ -0.277200, -0.779500, 0.092100, -0.554100 ] [ 0.382300, -0.715000, -0.216100, -0.544000 ]
[ 3.484500e+01 ] [ -0.277200, -0.779500, 0.092100, -0.554100 ] [ 0.382300, -0.715000, -0.216100, -0.544000 ]
[ 3.494500e+01 ] [ -0.277200, -0.779500, 0.092100, -0.554100 ] [ 0.382300, -0.715000, -0.216100, -0.544000 ]
[ 3.504600e+01 ] [ -0.264900, -0.778300, 0.086600, -0.562700 ] [ 0.393000, -0.709700, -0.224500, -0.542400 ]
[ 3.514400e+01 ] [ -0.264900, -0.778300, 0.086600, -0.562700 ] [ 0.393000, -0.709700, -0.224500, -0.542400 ]
[ 3.524500e+01 ] [ -0.264900, -0.778300, 0.086600, -0.562700 ] [ 0.393000, -0.709700, -0.224500, -0.542400 ]
[ 3.534500e+01 ] [ -0.234300, -0.777200, 0.061100, -0.580800 ] [ 0.490000, -0.661900, -0.315600, -0.471400 ]
[ 3.544500e+01 ] [ -0.234300, -0.777200, 0.061100, -0.580800 ] [ 0.490000, -0.661900, -0.315600, -0.471400 ]
[ 3.554500e+01 ] [ -0.234300, -0.777200, 0.061100, -0.580800 ] [ 0.490000, -0.661900, -0.315600, -0.471400 ]
[ 3.564500e+01 ] [ -0.236700, -0.777600, 0.061600, -0.579200 ] [ 0.494500, -0.657200, -0.320300, -0.470100 ]
[ 3.574400e+01 ] [ -0.236700, -0.777600, 0.061600, -0.579200 ] [ 0.494500, -0.657200, -0.320300, -0.470100 ]
[ 3.584600e+01 ] [ -0.239000, -0.777600, 0.064200, -0.578000 ] [ 0.496300, -0.655700, -0.320900, -0.469900 ]
[ 3.594500e+01 ] [ -0.239000, -0.777600, 0.064200, -0.578000 ] [ 0.496300, -0.655700, -0.320900, -0.469900 ]
[ 3.604400e+01 ] [ -0.239000, -0.777600, 0.064200, -0.578000 ] [ 0.496300, -0.655700, -0.320900, -0.469900 ]
[ 3.614600e+01 ] [ -0.244100, -0.776800, 0.070700, -0.576200 ] [ 0.496800, -0.656000, -0.318100, -0.470800 ]
[ 3.624500e+01 ] [ -0.244100, -0.776800, 0.070700, -0.576200 ] [ 0.496800, -0.656000, -0.318100, -0.470800 ]
[ 3.634400e+01 ] [ -0.244100, -0.776800, 0.070700, -0.576200 ] [ 0.496800, -0.656000, -0.318100, -0.470800 ]
[ 3.644600e+01 ] [ -0.247300, -0.776700, 0.076200, -0.574200 ] [ 0.495500, -0.657600, -0.314200, -0.472600 ]
[ 3.654500e+01 ] [ -0.247300, -0.776700, 0.076200, -0.574200 ] [ 0.495500, -0.657600, -0.314200, -0.472600 ]
[ 3.664500e+01 ] [ -0.247300, -0.776700, 0.076200, -0.574200 ] [ 0.495500, -0.657600, -0.314200, -0.472600 ]
[ 3.675600e+01 ] [ -0.127300, -0.816700, 0.093100, -0.555100 ] [ 0.485500, -0.726600, -0.322900, -0.363600 ]
[ 3.684400e+01 ] [ -0.127300, -0.816700, 0.093100, -0.555100 ] [ 0.485500, -0.726600, -0.322900, -0.363600 ]
[ 3.694400e+01 ] [ 0.056500, -0.849900, 0.123000, -0.509300 ] [ 0.406100, -0.822300, -0.283100, -0.280500 ]
[ 3.704400e+01 ] [ 0.056500, -0.849900, 0.123000, -0.509300 ] [ 0.406100, -0.822300, -0.283100, -0.280500 ]
[ 3.714400e+01 ] [ 0.056500, -0.849900, 0.123000, -0.509300 ] [ 0.406100, -0.822300, -0.283100, -0.280500 ]
[ 3.724600e+01 ] [ 0.178500, -0.855800, 0.186300, -0.448400 ] [ 0.301100, -0.916400, -0.234200, -0.121500 ]
[ 3.734500e+01 ] [ 0.178500, -0.855800, 0.186300, -0.448400 ] [ 0.301100, -0.916400, -0.234200, -0.121500 ]
[ 3.744400e+01 ] [ 0.178500, -0.855800, 0.186300, -0.448400 ] [ 0.301100, -0.916400, -0.234200, -0.121500 ]
[ 3.754700e+01 ] [ 0.241900, -0.854100, 0.241800, -0.391900 ] [ 0.252400, -0.941600, -0.213200, -0.065100 ]
[ 3.764300e+01 ] [ 0.241900, -0.854100, 0.241800, -0.391900 ] [ 0.252400, -0.941600, -0.213200, -0.065100 ]
[ 3.774500e+01 ] [ 0.284700, -0.850200, 0.279000, -0.343800 ] [ 0.198100, -0.961600, -0.189800, 0.006100 ]
[ 3.784600e+01 ] [ 0.284700, -0.850200, 0.279000, -0.343800 ] [ 0.198100, -0.961600, -0.189800, 0.006100 ]
[ 3.794400e+01 ] [ 0.284700, -0.850200, 0.279000, -0.343800 ] [ 0.198100, -0.961600, -0.189800, 0.006100 ]
[ 3.804400e+01 ] [ 0.284700, -0.850200, 0.279000, -0.343800 ] [ 0.198100, -0.961600, -0.189800, 0.006100 ]
[ 3.814500e+01 ] [ 0.392200, -0.820500, 0.386500, -0.153400 ] [ 0.138700, -0.971600, -0.160600, 0.105100 ]
[ 3.824400e+01 ] [ 0.392200, -0.820500, 0.386500, -0.153400 ] [ 0.138700, -0.971600, -0.160600, 0.105100 ]
[ 3.834600e+01 ] [ 0.415900, -0.796300, 0.428700, -0.095200 ] [ 0.073300, -0.971700, -0.128800, 0.183800 ]
[ 3.844500e+01 ] [ 0.415900, -0.796300, 0.428700, -0.095200 ] [ 0.073300, -0.971700, -0.128800, 0.183800 ]
[ 3.854500e+01 ] [ 0.415900, -0.796300, 0.428700, -0.095200 ] [ 0.073300, -0.971700, -0.128800, 0.183800 ]
[ 3.864400e+01 ] [ 0.435800, -0.770200, 0.464800, -0.028500 ] [ -0.047800, -0.949100, -0.023400, 0.310500 ]
[ 3.874500e+01 ] [ 0.435800, -0.770200, 0.464800, -0.028500 ] [ -0.047800, -0.949100, -0.023400, 0.310500 ]
[ 3.884500e+01 ] [ 0.435800, -0.770200, 0.464800, -0.028500 ] [ -0.047800, -0.949100, -0.023400, 0.310500 ]
[ 3.894500e+01 ] [ 0.450900, -0.758900, 0.469800, -0.003200 ] [ -0.081900, -0.933000, 0.007800, 0.350400 ]
[ 3.904400e+01 ] [ 0.450900, -0.758900, 0.469800, -0.003200 ] [ -0.081900, -0.933000, 0.007800, 0.350400 ]
[ 3.914500e+01 ] [ 0.458800, -0.756000, 0.466600, 0.014800 ] [ -0.103300, -0.919700, 0.025700, 0.377900 ]
[ 3.924600e+01 ] [ 0.458800, -0.756000, 0.466600, 0.014800 ] [ -0.103300, -0.919700, 0.025700, 0.377900 ]
[ 3.934500e+01 ] [ 0.458800, -0.756000, 0.466600, 0.014800 ] [ -0.103300, -0.919700, 0.025700, 0.377900 ]
[ 3.944600e+01 ] [ 0.457400, -0.764600, 0.453600, 0.020600 ] [ -0.128600, -0.913000, 0.035400, 0.385500 ]
[ 3.954500e+01 ] [ 0.457400, -0.764600, 0.453600, 0.020600 ] [ -0.128600, -0.913000, 0.035400, 0.385500 ]
[ 3.964500e+01 ] [ 0.447600, -0.789300, 0.419900, -0.019400 ] [ -0.120700, -0.924900, 0.022000, 0.359900 ]
[ 3.975700e+01 ] [ 0.447600, -0.789300, 0.419900, -0.019400 ] [ -0.120700, -0.924900, 0.022000, 0.359900 ]
[ 3.984400e+01 ] [ 0.447600, -0.789300, 0.419900, -0.019400 ] [ -0.120700, -0.924900, 0.022000, 0.359900 ]
[ 3.994400e+01 ] [ 0.447600, -0.789300, 0.419900, -0.019400 ] [ -0.120700, -0.924900, 0.022000, 0.359900 ]
[ 4.004400e+01 ] [ 0.375700, -0.857600, 0.217600, -0.275700 ] [ 0.129200, -0.981900, -0.110700, 0.083700 ]
[ 4.014400e+01 ] [ 0.375700, -0.857600, 0.217600, -0.275700 ] [ 0.129200, -0.981900, -0.110700, 0.083700 ]
[ 4.024500e+01 ] [ 0.375700, -0.857600, 0.217600, -0.275700 ] [ 0.129200, -0.981900, -0.110700, 0.083700 ]
[ 4.034400e+01 ] [ 0.294500, -0.883100, 0.115900, -0.346400 ] [ 0.223400, -0.960100, -0.167800, -0.014400 ]
[ 4.044400e+01 ] [ 0.294500, -0.883100, 0.115900, -0.346400 ] [ 0.223400, -0.960100, -0.167800, -0.014400 ]
[ 4.054500e+01 ] [ 0.189300, -0.896900, 0.025500, -0.398800 ] [ 0.285300, -0.918900, -0.236200, -0.135900 ]
[ 4.064500e+01 ] [ 0.189300, -0.896900, 0.025500, -0.398800 ] [ 0.285300, -0.918900, -0.236200, -0.135900 ]
[ 4.074500e+01 ] [ 0.189300, -0.896900, 0.025500, -0.398800 ] [ 0.285300, -0.918900, -0.236200, -0.135900 ]
[ 4.084600e+01 ] [ 0.080500, -0.886400, -0.032100, -0.454700 ] [ 0.414500, -0.816800, -0.273800, -0.293300 ]
[ 4.094400e+01 ] [ 0.080500, -0.886400, -0.032100, -0.454700 ] [ 0.414500, -0.816800, -0.273800, -0.293300 ]
[ 4.104400e+01 ] [ 0.080500, -0.886400, -0.032100, -0.454700 ] [ 0.414500, -0.816800, -0.273800, -0.293300 ]
[ 4.114400e+01 ] [ 0.022400, -0.869300, -0.054800, -0.490700 ] [ 0.534700, -0.798800, -0.212200, -0.176000 ]
[ 4.124500e+01 ] [ 0.022400, -0.869300, -0.054800, -0.490700 ] [ 0.534700, -0.798800, -0.212200, -0.176000 ]
[ 4.134500e+01 ] [ 0.049400, -0.854300, -0.056500, -0.514400 ] [ 0.563700, -0.823600, -0.048300, -0.040500 ]
[ 4.144400e+01 ] [ 0.049400, -0.854300, -0.056500, -0.514400 ] [ 0.563700, -0.823600, -0.048300, -0.040500 ]
[ 4.154800e+01 ] [ 0.049400, -0.854300, -0.056500, -0.514400 ] [ 0.563700, -0.823600, -0.048300, -0.040500 ]
[ 4.164400e+01 ] [ 0.026300, -0.798200, 0.200600, -0.567400 ] [ 0.554500, -0.804700, 0.210300, 0.029000 ]
[ 4.174500e+01 ] [ 0.026300, -0.798200, 0.200600, -0.567400 ] [ 0.554500, -0.804700, 0.210300, 0.029000 ]
[ 4.184400e+01 ] [ 0.026300, -0.798200, 0.200600, -0.567400 ] [ 0.554500, -0.804700, 0.210300, 0.029000 ]
[ 4.194600e+01 ] [ -0.037400, -0.766600, 0.308700, -0.561800 ] [ 0.562700, -0.728800, 0.390100, -0.008600 ]
[ 4.204400e+01 ] [ -0.037400, -0.766600, 0.308700, -0.561800 ] [ 0.562700, -0.728800, 0.390100, -0.008600 ]
[ 4.214500e+01 ] [ -0.037400, -0.766600, 0.308700, -0.561800 ] [ 0.562700, -0.728800, 0.390100, -0.008600 ]
[ 4.224400e+01 ] [ -0.088000, -0.770800, 0.373200, -0.508700 ] [ 0.315700, -0.715200, 0.584900, -0.215800 ]
[ 4.235900e+01 ] [ -0.088000, -0.770800, 0.373200, -0.508700 ] [ 0.315700, -0.715200, 0.584900, -0.215800 ]
[ 4.244600e+01 ] [ -0.153600, -0.777800, 0.407700, -0.453000 ] [ 0.304100, -0.655100, 0.646400, -0.246200 ]
[ 4.254400e+01 ] [ -0.153600, -0.777800, 0.407700, -0.453000 ] [ 0.304100, -0.655100, 0.646400, -0.246200 ]
[ 4.264400e+01 ] [ -0.153600, -0.777800, 0.407700, -0.453000 ] [ 0.304100, -0.655100, 0.646400, -0.246200 ]
[ 4.275500e+01 ] [ -0.199300, -0.771300, 0.425000, -0.429800 ] [ 0.277000, -0.619400, 0.689100, -0.254300 ]
[ 4.284400e+01 ] [ -0.199300, -0.771300, 0.425000, -0.429800 ] [ 0.277000, -0.619400, 0.689100, -0.254300 ]
[ 4.294700e+01 ] [ -0.199300, -0.771300, 0.425000, -0.429800 ] [ 0.277000, -0.619400, 0.689100, -0.254300 ]
[ 4.304600e+01 ] [ -0.230600, -0.761300, 0.466100, -0.387200 ] [ 0.256500, -0.607600, 0.710700, -0.244800 ]
[ 4.314600e+01 ] [ -0.230600, -0.761300, 0.466100, -0.387200 ] [ 0.256500, -0.607600, 0.710700, -0.244800 ]
[ 4.324500e+01 ] [ -0.230600, -0.761300, 0.466100, -0.387200 ] [ 0.256500, -0.607600, 0.710700, -0.244800 ]
[ 4.334700e+01 ] [ -0.218500, -0.758600, 0.484000, -0.377500 ] [ 0.244000, -0.613000, 0.712400, -0.239100 ]
[ 4.344600e+01 ] [ -0.218500, -0.758600, 0.484000, -0.377500 ] [ 0.244000, -0.613000, 0.712400, -0.239100 ]
[ 4.355000e+01 ] [ -0.217600, -0.758800, 0.488600, -0.371600 ] [ 0.244600, -0.607300, 0.715200, -0.244500 ]
[ 4.364700e+01 ] [ -0.217600, -0.758800, 0.488600, -0.371600 ] [ 0.244600, -0.607300, 0.715200, -0.244500 ]
[ 4.374700e+01 ] [ -0.217600, -0.758800, 0.488600, -0.371600 ] [ 0.244600, -0.607300, 0.715200, -0.244500 ]
[ 4.384900e+01 ] [ -0.218900, -0.760200, 0.488400, -0.368200 ] [ 0.247000, -0.605000, 0.715400, -0.247300 ]
[ 4.394300e+01 ] [ -0.218900, -0.760200, 0.488400, -0.368200 ] [ 0.247000, -0.605000, 0.715400, -0.247300 ]
[ 4.404400e+01 ] [ -0.220400, -0.764200, 0.485100, -0.363400 ] [ 0.249900, -0.602100, 0.715300, -0.251900 ]
[ 4.414400e+01 ] [ -0.220400, -0.764200, 0.485100, -0.363400 ] [ 0.249900, -0.602100, 0.715300, -0.251900 ]
[ 4.424500e+01 ] [ -0.220400, -0.764200, 0.485100, -0.363400 ] [ 0.249900, -0.602100, 0.715300, -0.251900 ]
[ 4.434400e+01 ] [ -0.220400, -0.764200, 0.485100, -0.363400 ] [ 0.249900, -0.602100, 0.715300, -0.251900 ]
[ 4.444400e+01 ] [ -0.143300, -0.792200, 0.414300, -0.424500 ] [ 0.430200, -0.595100, 0.619800, -0.276900 ]
[ 4.454500e+01 ] [ -0.143300, -0.792200, 0.414300, -0.424500 ] [ 0.430200, -0.595100, 0.619800, -0.276900 ]
[ 4.464500e+01 ] [ -0.130600, -0.808400, 0.373000, -0.436200 ] [ 0.437600, -0.602400, 0.590900, -0.310500 ]
[ 4.474400e+01 ] [ -0.130600, -0.808400, 0.373000, -0.436200 ] [ 0.437600, -0.602400, 0.590900, -0.310500 ]
[ 4.484500e+01 ] [ -0.130600, -0.808400, 0.373000, -0.436200 ] [ 0.437600, -0.602400, 0.590900, -0.310500 ]
[ 4.494500e+01 ] [ -0.176600, -0.790300, 0.400000, -0.429300 ] [ 0.388600, -0.609400, 0.613500, -0.318300 ]
[ 4.504400e+01 ] [ -0.176600, -0.790300, 0.400000, -0.429300 ] [ 0.388600, -0.609400, 0.613500, -0.318300 ]
[ 4.514400e+01 ] [ -0.176600, -0.790300, 0.400000, -0.429300 ] [ 0.388600, -0.609400, 0.613500, -0.318300 ]
[ 4.524900e+01 ] [ -0.190400, -0.772200, 0.417100, -0.439800 ] [ 0.377500, -0.608100, 0.620700, -0.320100 ]
[ 4.534400e+01 ] [ -0.190400, -0.772200, 0.417100, -0.439800 ] [ 0.377500, -0.608100, 0.620700, -0.320100 ]
[ 4.544700e+01 ] [ -0.196000, -0.750600, 0.424600, -0.466700 ] [ 0.363900, -0.615700, 0.626300, -0.310300 ]
[ 4.554400e+01 ] [ -0.196000, -0.750600, 0.424600, -0.466700 ] [ 0.363900, -0.615700, 0.626300, -0.310300 ]
[ 4.564500e+01 ] [ -0.196000, -0.750600, 0.424600, -0.466700 ] [ 0.363900, -0.615700, 0.626300, -0.310300 ]
[ 4.575200e+01 ] [ -0.234700, -0.734900, 0.379100, -0.510900 ] [ 0.370200, -0.613600, 0.626000, -0.307400 ]
[ 4.584300e+01 ] [ -0.234700, -0.734900, 0.379100, -0.510900 ] [ 0.370200, -0.613600, 0.626000, -0.307400 ]
[ 4.594500e+01 ] [ -0.234700, -0.734900, 0.379100, -0.510900 ] [ 0.370200, -0.613600, 0.626000, -0.307400 ]
[ 4.604400e+01 ] [ -0.244900, -0.737400, 0.362000, -0.515000 ] [ 0.333400, -0.627900, 0.643700, -0.283200 ]
[ 4.614500e+01 ] [ -0.244900, -0.737400, 0.362000, -0.515000 ] [ 0.333400, -0.627900, 0.643700, -0.283200 ]
[ 4.624400e+01 ] [ -0.244900, -0.737400, 0.362000, -0.515000 ] [ 0.333400, -0.627900, 0.643700, -0.283200 ]
[ 4.634500e+01 ] [ -0.093900, -0.803400, 0.349900, -0.472600 ] [ 0.422700, -0.647000, 0.581100, -0.254900 ]
[ 4.644400e+01 ] [ -0.093900, -0.803400, 0.349900, -0.472600 ] [ 0.422700, -0.647000, 0.581100, -0.254900 ]
[ 4.654500e+01 ] [ -0.119200, -0.784000, 0.408800, -0.451600 ] [ 0.362900, -0.658300, 0.612800, -0.243700 ]
[ 4.664500e+01 ] [ -0.119200, -0.784000, 0.408800, -0.451600 ] [ 0.362900, -0.658300, 0.612800, -0.243700 ]
[ 4.674400e+01 ] [ -0.119200, -0.784000, 0.408800, -0.451600 ] [ 0.362900, -0.658300, 0.612800, -0.243700 ]
[ 4.684600e+01 ] [ -0.151700, -0.768400, 0.442900, -0.436300 ] [ 0.304700, -0.645000, 0.656700, -0.244800 ]
[ 4.694400e+01 ] [ -0.151700, -0.768400, 0.442900, -0.436300 ] [ 0.304700, -0.645000, 0.656700, -0.244800 ]
[ 4.704300e+01 ] [ -0.151700, -0.768400, 0.442900, -0.436300 ] [ 0.304700, -0.645000, 0.656700, -0.244800 ]
[ 4.714400e+01 ] [ -0.195200, -0.765000, 0.455600, -0.411300 ] [ 0.242900, -0.601400, 0.714600, -0.262000 ]
[ 4.724600e+01 ] [ -0.195200, -0.765000, 0.455600, -0.411300 ] [ 0.242900, -0.601400, 0.714600, -0.262000 ]
[ 4.734400e+01 ] [ -0.195200, -0.765000, 0.455600, -0.411300 ] [ 0.242900, -0.601400, 0.714600, -0.262000 ]
[ 4.744500e+01 ] [ -0.204400, -0.769600, 0.455700, -0.397900 ] [ 0.242600, -0.599500, 0.714400, -0.267100 ]
[ 4.754500e+01 ] [ -0.204400, -0.769600, 0.455700, -0.397900 ] [ 0.242600, -0.599500, 0.714400, -0.267100 ]
[ 4.764500e+01 ] [ -0.203800, -0.772100, 0.457400, -0.391300 ] [ 0.237000, -0.600800, 0.715800, -0.265500 ]
[ 4.774400e+01 ] [ -0.203800, -0.772100, 0.457400, -0.391300 ] [ 0.237000, -0.600800, 0.715800, -0.265500 ]
[ 4.784300e+01 ] [ -0.203800, -0.772100, 0.457400, -0.391300 ] [ 0.237000, -0.600800, 0.715800, -0.265500 ]
[ 4.794400e+01 ] [ -0.203100, -0.772700, 0.459700, -0.387800 ] [ 0.236000, -0.601400, 0.716000, -0.264400 ]
[ 4.804500e+01 ] [ -0.203100, -0.772700, 0.459700, -0.387800 ] [ 0.236000, -0.601400, 0.716000, -0.264400 ]
[ 4.814500e+01 ] [ -0.201500, -0.772800, 0.461100, -0.386900 ] [ 0.236400, -0.601500, 0.716000, -0.264100 ]
[ 4.824400e+01 ] [ -0.201500, -0.772800, 0.461100, -0.386900 ] [ 0.236400, -0.601500, 0.716000, -0.264100 ]
[ 4.834500e+01 ] [ -0.201500, -0.772800, 0.461100, -0.386900 ] [ 0.236400, -0.601500, 0.716000, -0.264100 ]
[ 4.844400e+01 ] [ -0.201500, -0.772800, 0.461100, -0.386900 ] [ 0.236400, -0.601500, 0.716000, -0.264100 ]
[ 4.854600e+01 ] [ -0.200400, -0.772000, 0.464400, -0.384900 ] [ 0.237100, -0.600700, 0.716200, -0.264500 ]
[ 4.864400e+01 ] [ -0.200400, -0.772000, 0.464400, -0.384900 ] [ 0.237100, -0.600700, 0.716200, -0.264500 ]
[ 4.875000e+01 ] [ -0.198900, -0.771800, 0.465800, -0.384500 ] [ 0.236900, -0.600500, 0.716500, -0.264400 ]
[ 4.884400e+01 ] [ -0.198900, -0.771800, 0.465800, -0.384500 ] [ 0.236900, -0.600500, 0.716500, -0.264400 ]
[ 4.894500e+01 ] [ -0.198900, -0.771800, 0.465800, -0.384500 ] [ 0.236900, -0.600500, 0.716500, -0.264400 ]
[ 4.904500e+01 ] [ -0.197600, -0.771200, 0.467000, -0.384800 ] [ 0.239700, -0.601900, 0.715800, -0.260700 ]
[ 4.914300e+01 ] [ -0.197600, -0.771200, 0.467000, -0.384800 ] [ 0.239700, -0.601900, 0.715800, -0.260700 ]
[ 4.924300e+01 ] [ -0.161800, -0.782700, 0.432800, -0.417000 ] [ 0.271100, -0.629500, 0.691000, -0.229600 ]
[ 4.934500e+01 ] [ -0.161800, -0.782700, 0.432800, -0.417000 ] [ 0.271100, -0.629500, 0.691000, -0.229600 ]
[ 4.944400e+01 ] [ -0.161800, -0.782700, 0.432800, -0.417000 ] [ 0.271100, -0.629500, 0.691000, -0.229600 ]
[ 4.954400e+01 ] [ -0.122100, -0.808900, 0.371700, -0.438900 ] [ 0.231300, -0.712300, 0.641800, -0.164800 ]
[ 4.964400e+01 ] [ -0.122100, -0.808900, 0.371700, -0.438900 ] [ 0.231300, -0.712300, 0.641800, -0.164800 ]
[ 4.974500e+01 ] [ -0.122100, -0.808900, 0.371700, -0.438900 ] [ 0.231300, -0.712300, 0.641800, -0.164800 ]
[ 4.984600e+01 ] [ -0.098300, -0.817300, 0.333600, -0.459400 ] [ 0.239700, -0.765400, 0.577900, -0.150500 ]
[ 4.994300e+01 ] [ -0.098300, -0.817300, 0.333600, -0.459400 ] [ 0.239700, -0.765400, 0.577900, -0.150500 ]
[ 5.004400e+01 ] [ -0.098300, -0.817300, 0.333600, -0.459400 ] [ 0.239700, -0.765400, 0.577900, -0.150500 ]
[ 5.014400e+01 ] [ -0.131500, -0.818600, 0.336400, -0.446500 ] [ 0.229900, -0.779100, 0.560500, -0.161100 ]
[ 5.024300e+01 ] [ -0.131500, -0.818600, 0.336400, -0.446500 ] [ 0.229900, -0.779100, 0.560500, -0.161100 ]
[ 5.034400e+01 ] [ -0.131500, -0.818600, 0.336400, -0.446500 ] [ 0.229900, -0.779100, 0.560500, -0.161100 ]
[ 5.044600e+01 ] [ -0.117400, -0.816500, 0.334200, -0.455900 ] [ 0.240000, -0.773000, 0.566600, -0.154400 ]
[ 5.054400e+01 ] [ -0.117400, -0.816500, 0.334200, -0.455900 ] [ 0.240000, -0.773000, 0.566600, -0.154400 ]
[ 5.064400e+01 ] [ -0.018700, -0.813400, 0.313400, -0.489700 ] [ 0.259900, -0.742100, 0.617900, 0.002400 ]
[ 5.074400e+01 ] [ -0.018700, -0.813400, 0.313400, -0.489700 ] [ 0.259900, -0.742100, 0.617900, 0.002400 ]
[ 5.084400e+01 ] [ -0.018700, -0.813400, 0.313400, -0.489700 ] [ 0.259900, -0.742100, 0.617900, 0.002400 ]
[ 5.094400e+01 ] [ 0.069700, -0.825200, 0.254400, -0.499500 ] [ 0.276100, -0.698500, 0.626400, 0.208600 ]
[ 5.104500e+01 ] [ 0.069700, -0.825200, 0.254400, -0.499500 ] [ 0.276100, -0.698500, 0.626400, 0.208600 ]
[ 5.114400e+01 ] [ 0.069700, -0.825200, 0.254400, -0.499500 ] [ 0.276100, -0.698500, 0.626400, 0.208600 ]
[ 5.124500e+01 ] [ 0.117000, -0.825000, 0.220400, -0.507000 ] [ 0.278300, -0.693200, 0.573500, 0.336300 ]
[ 5.134400e+01 ] [ 0.117000, -0.825000, 0.220400, -0.507000 ] [ 0.278300, -0.693200, 0.573500, 0.336300 ]
[ 5.144600e+01 ] [ 0.117000, -0.825000, 0.220400, -0.507000 ] [ 0.278300, -0.693200, 0.573500, 0.336300 ]
[ 5.154500e+01 ] [ 0.118900, -0.825600, 0.215200, -0.508000 ] [ 0.279700, -0.687400, 0.539400, 0.397900 ]
[ 5.164400e+01 ] [ 0.118900, -0.825600, 0.215200, -0.508000 ] [ 0.279700, -0.687400, 0.539400, 0.397900 ]
[ 5.175100e+01 ] [ 0.113200, -0.827000, 0.214300, -0.507300 ] [ 0.282400, -0.694500, 0.571100, 0.334200 ]
[ 5.184500e+01 ] [ 0.113200, -0.827000, 0.214300, -0.507300 ] [ 0.282400, -0.694500, 0.571100, 0.334200 ]
[ 5.194500e+01 ] [ 0.113200, -0.827000, 0.214300, -0.507300 ] [ 0.282400, -0.694500, 0.571100, 0.334200 ]
[ 5.204600e+01 ] [ -0.031700, -0.822200, 0.283800, -0.492300 ] [ 0.253500, -0.736300, 0.603700, 0.171000 ]
[ 5.214300e+01 ] [ -0.031700, -0.822200, 0.283800, -0.492300 ] [ 0.253500, -0.736300, 0.603700, 0.171000 ]
[ 5.224500e+01 ] [ -0.031700, -0.822200, 0.283800, -0.492300 ] [ 0.253500, -0.736300, 0.603700, 0.171000 ]
[ 5.234400e+01 ] [ -0.063800, -0.823500, 0.293100, -0.481500 ] [ 0.196200, -0.795200, 0.573200, -0.023100 ]
[ 5.244500e+01 ] [ -0.063800, -0.823500, 0.293100, -0.481500 ] [ 0.196200, -0.795200, 0.573200, -0.023100 ]
[ 5.254400e+01 ] [ -0.078300, -0.824600, 0.299700, -0.473400 ] [ 0.136400, -0.808100, 0.567900, -0.076900 ]
[ 5.264500e+01 ] [ -0.078300, -0.824600, 0.299700, -0.473400 ] [ 0.136400, -0.808100, 0.567900, -0.076900 ]
[ 5.274500e+01 ] [ -0.078300, -0.824600, 0.299700, -0.473400 ] [ 0.136400, -0.808100, 0.567900, -0.076900 ]
[ 5.284400e+01 ] [ -0.078300, -0.824600, 0.299700, -0.473400 ] [ 0.136400, -0.808100, 0.567900, -0.076900 ]
[ 5.294500e+01 ] [ -0.094400, -0.826700, 0.303300, -0.464400 ] [ 0.127300, -0.807400, 0.563200, -0.120900 ]
[ 5.304500e+01 ] [ -0.094400, -0.826700, 0.303300, -0.464400 ] [ 0.127300, -0.807400, 0.563200, -0.120900 ]
[ 5.314500e+01 ] [ -0.095100, -0.826200, 0.304900, -0.464000 ] [ 0.127800, -0.807500, 0.562700, -0.122300 ]
[ 5.324400e+01 ] [ -0.095100, -0.826200, 0.304900, -0.464000 ] [ 0.127800, -0.807500, 0.562700, -0.122300 ]
[ 5.334900e+01 ] [ -0.095100, -0.826200, 0.304900, -0.464000 ] [ 0.127800, -0.807500, 0.562700, -0.122300 ]
[ 5.344700e+01 ] [ -0.093200, -0.825400, 0.306800, -0.464600 ] [ 0.128100, -0.807500, 0.562400, -0.123500 ]
[ 5.354500e+01 ] [ -0.093200, -0.825400, 0.306800, -0.464600 ] [ 0.128100, -0.807500, 0.562400, -0.123500 ]
[ 5.364600e+01 ] [ -0.089900, -0.825200, 0.307900, -0.465000 ] [ 0.127000, -0.807800, 0.562200, -0.123200 ]
[ 5.374600e+01 ] [ -0.089900, -0.825200, 0.307900, -0.465000 ] [ 0.127000, -0.807800, 0.562200, -0.123200 ]
[ 5.384500e+01 ] [ -0.089900, -0.825200, 0.307900, -0.465000 ] [ 0.127000, -0.807800, 0.562200, -0.123200 ]
[ 5.394500e+01 ] [ -0.086700, -0.825300, 0.314000, -0.461300 ] [ 0.111800, -0.799500, 0.578400, -0.117400 ]
[ 5.404700e+01 ] [ -0.086700, -0.825300, 0.314000, -0.461300 ] [ 0.111800, -0.799500, 0.578400, -0.117400 ]
[ 5.414500e+01 ] [ -0.086700, -0.825300, 0.314000, -0.461300 ] [ 0.111800, -0.799500, 0.578400, -0.117400 ]
[ 5.424500e+01 ] [ -0.079000, -0.815200, 0.339700, -0.462400 ] [ 0.115800, -0.809600, 0.562400, -0.121400 ]
[ 5.434600e+01 ] [ -0.079000, -0.815200, 0.339700, -0.462400 ] [ 0.115800, -0.809600, 0.562400, -0.121400 ]
[ 5.444700e+01 ] [ -0.079000, -0.815200, 0.339700, -0.462400 ] [ 0.115800, -0.809600, 0.562400, -0.121400 ]
[ 5.454400e+01 ] [ -0.062100, -0.803400, 0.348800, -0.478500 ] [ 0.121300, -0.814600, 0.553700, -0.123100 ]
[ 5.464500e+01 ] [ -0.062100, -0.803400, 0.348800, -0.478500 ] [ 0.121300, -0.814600, 0.553700, -0.123100 ]
[ 5.476000e+01 ] [ -0.059300, -0.801200, 0.336200, -0.491500 ] [ 0.131200, -0.815800, 0.548800, -0.127100 ]
[ 5.486000e+01 ] [ -0.059300, -0.801200, 0.336200, -0.491500 ] [ 0.131200, -0.815800, 0.548800, -0.127100 ]
[ 5.495800e+01 ] [ -0.059300, -0.801200, 0.336200, -0.491500 ] [ 0.131200, -0.815800, 0.548800, -0.127100 ]
[ 5.504700e+01 ] [ -0.062700, -0.806300, 0.319800, -0.493600 ] [ 0.145100, -0.816100, 0.543600, -0.131900 ]
[ 5.515600e+01 ] [ -0.062700, -0.806300, 0.319800, -0.493600 ] [ 0.145100, -0.816100, 0.543600, -0.131900 ]
[ 5.525300e+01 ] [ -0.070800, -0.816500, 0.302700, -0.486500 ] [ 0.147400, -0.814700, 0.544800, -0.133000 ]
[ 5.535000e+01 ] [ -0.070800, -0.816500, 0.302700, -0.486500 ] [ 0.147400, -0.814700, 0.544800, -0.133000 ]
[ 5.545800e+01 ] [ -0.070800, -0.816500, 0.302700, -0.486500 ] [ 0.147400, -0.814700, 0.544800, -0.133000 ]
[ 5.554900e+01 ] [ -0.070800, -0.816500, 0.302700, -0.486500 ] [ 0.147400, -0.814700, 0.544800, -0.133000 ]
[ 5.564800e+01 ] [ -0.077000, -0.827800, 0.289000, -0.474600 ] [ 0.143600, -0.819700, 0.538800, -0.130900 ]
[ 5.575500e+01 ] [ -0.077000, -0.827800, 0.289000, -0.474600 ] [ 0.143600, -0.819700, 0.538800, -0.130900 ]
[ 5.585400e+01 ] [ -0.080100, -0.823900, 0.280900, -0.485600 ] [ 0.152900, -0.829400, 0.521400, -0.129700 ]
[ 5.594700e+01 ] [ -0.080100, -0.823900, 0.280900, -0.485600 ] [ 0.152900, -0.829400, 0.521400, -0.129700 ]
[ 5.605600e+01 ] [ -0.080100, -0.823900, 0.280900, -0.485600 ] [ 0.152900, -0.829400, 0.521400, -0.129700 ]
[ 5.614600e+01 ] [ -0.061800, -0.790600, 0.260500, -0.550700 ] [ 0.159000, -0.854300, 0.478200, -0.127200 ]
[ 5.625000e+01 ] [ -0.061800, -0.790600, 0.260500, -0.550700 ] [ 0.159000, -0.854300, 0.478200, -0.127200 ]
[ 5.635000e+01 ] [ -0.036000, -0.769600, 0.245700, -0.588200 ] [ 0.182600, -0.864100, 0.452900, -0.121800 ]
[ 5.645100e+01 ] [ -0.036000, -0.769600, 0.245700, -0.588200 ] [ 0.182600, -0.864100, 0.452900, -0.121800 ]
[ 5.655000e+01 ] [ -0.036000, -0.769600, 0.245700, -0.588200 ] [ 0.182600, -0.864100, 0.452900, -0.121800 ]
[ 5.664900e+01 ] [ -0.035300, -0.781400, 0.231600, -0.578400 ] [ 0.207400, -0.857400, 0.454600, -0.123100 ]
[ 5.675400e+01 ] [ -0.035300, -0.781400, 0.231600, -0.578400 ] [ 0.207400, -0.857400, 0.454600, -0.123100 ]
[ 5.685700e+01 ] [ -0.035300, -0.781400, 0.231600, -0.578400 ] [ 0.207400, -0.857400, 0.454600, -0.123100 ]
[ 5.695600e+01 ] [ -0.055200, -0.804100, 0.260000, -0.531800 ] [ 0.207600, -0.854900, 0.458500, -0.125700 ]
[ 5.705800e+01 ] [ -0.055200, -0.804100, 0.260000, -0.531800 ] [ 0.207600, -0.854900, 0.458500, -0.125700 ]
[ 5.715000e+01 ] [ -0.055200, -0.804100, 0.260000, -0.531800 ] [ 0.207600, -0.854900, 0.458500, -0.125700 ]
[ 5.725100e+01 ] [ -0.084300, -0.799500, 0.299000, -0.514100 ] [ 0.169800, -0.748100, 0.626300, -0.138900 ]
[ 5.734900e+01 ] [ -0.084300, -0.799500, 0.299000, -0.514100 ] [ 0.169800, -0.748100, 0.626300, -0.138900 ]
[ 5.745000e+01 ] [ -0.104000, -0.790200, 0.327900, -0.507200 ] [ 0.195700, -0.710900, 0.655100, -0.164500 ]
[ 5.754400e+01 ] [ -0.104000, -0.790200, 0.327900, -0.507200 ] [ 0.195700, -0.710900, 0.655100, -0.164500 ]
[ 5.765000e+01 ] [ -0.104000, -0.790200, 0.327900, -0.507200 ] [ 0.195700, -0.710900, 0.655100, -0.164500 ]
[ 5.775200e+01 ] [ -0.126100, -0.787000, 0.341300, -0.498300 ] [ 0.206400, -0.687500, 0.670100, -0.188800 ]
[ 5.784200e+01 ] [ -0.126100, -0.787000, 0.341300, -0.498300 ] [ 0.206400, -0.687500, 0.670100, -0.188800 ]
[ 5.794400e+01 ] [ -0.137800, -0.787200, 0.341700, -0.494600 ] [ 0.201500, -0.681800, 0.676600, -0.191800 ]
[ 5.804400e+01 ] [ -0.137800, -0.787200, 0.341700, -0.494600 ] [ 0.201500, -0.681800, 0.676600, -0.191800 ]
[ 5.814400e+01 ] [ -0.137800, -0.787200, 0.341700, -0.494600 ] [ 0.201500, -0.681800, 0.676600, -0.191800 ]
[ 5.824500e+01 ] [ -0.138900, -0.788000, 0.343300, -0.491900 ] [ 0.201900, -0.681500, 0.676100, -0.194200 ]
[ 5.834500e+01 ] [ -0.138900, -0.788000, 0.343300, -0.491900 ] [ 0.201900, -0.681500, 0.676100, -0.194200 ]
[ 5.844600e+01 ] [ -0.138900, -0.788000, 0.343300, -0.491900 ] [ 0.201900, -0.681500, 0.676100, -0.194200 ]
[ 5.854400e+01 ] [ -0.138900, -0.788000, 0.343300, -0.491900 ] [ 0.201900, -0.681500, 0.676100, -0.194200 ]
[ 5.864400e+01 ] [ -0.067100, -0.753000, 0.370000, -0.540000 ] [ 0.224400, -0.745400, 0.614500, -0.128300 ]
