[ 2100 ] [ 0.854000, 0.365600, -0.056300, 0.365900 ] [ 0.035400, -0.474300, -0.879300, 0.024800 ]
[ 2201 ] [ 0.857400, 0.365000, -0.059900, 0.357800 ] [ 0.035200, -0.473300, -0.879900, 0.024700 ]
[ 2278 ] [ 0.865800, 0.364400, -0.067800, 0.336100 ] [ 0.035200, -0.470600, -0.881300, 0.025000 ]
[ 2390 ] [ 0.869000, 0.363700, -0.071200, 0.327900 ] [ 0.035100, -0.469500, -0.881900, 0.025000 ]
[ 2505 ] [ 0.872100, 0.362900, -0.074900, 0.319600 ] [ 0.035100, -0.468400, -0.882400, 0.025000 ]
[ 2565 ] [ 0.879700, 0.361100, -0.083800, 0.297900 ] [ 0.035000, -0.465700, -0.883900, 0.025100 ]
[ 2661 ] [ 0.882500, 0.360200, -0.087200, 0.289500 ] [ 0.035000, -0.464600, -0.884500, 0.025200 ]
[ 2761 ] [ 0.882500, 0.360200, -0.087200, 0.289500 ] [ 0.035000, -0.464600, -0.884500, 0.025200 ]
[ 2860 ] [ 0.882500, 0.360200, -0.087200, 0.289500 ] [ 0.035000, -0.464600, -0.884500, 0.025200 ]
[ 2960 ] [ 0.885100, 0.359400, -0.090500, 0.281500 ] [ 0.034900, -0.463500, -0.885000, 0.025200 ]
[ 3059 ] [ 0.885100, 0.359400, -0.090500, 0.281500 ] [ 0.034900, -0.463500, -0.885000, 0.025200 ]
[ 3162 ] [ 0.885100, 0.359400, -0.090500, 0.281500 ] [ 0.034900, -0.463500, -0.885000, 0.025200 ]
[ 3262 ] [ 0.885100, 0.359400, -0.090500, 0.281500 ] [ 0.034900, -0.463500, -0.885000, 0.025200 ]
[ 3361 ] [ 0.891800, 0.357400, -0.099200, 0.259000 ] [ 0.035200, -0.460700, -0.886500, 0.026000 ]
[ 3459 ] [ 0.891800, 0.357400, -0.099200, 0.259000 ] [ 0.035200, -0.460700, -0.886500, 0.026000 ]
[ 3561 ] [ 0.891800, 0.357400, -0.099200, 0.259000 ] [ 0.035200, -0.460700, -0.886500, 0.026000 ]
[ 3661 ] [ 0.894300, 0.356500, -0.102600, 0.250400 ] [ 0.035100, -0.459600, -0.887100, 0.026100 ]
[ 3786 ] [ 0.894300, 0.356500, -0.102600, 0.250400 ] [ 0.035100, -0.459600, -0.887100, 0.026100 ]
[ 3867 ] [ 0.894300, 0.356500, -0.102600, 0.250400 ] [ 0.035100, -0.459600, -0.887100, 0.026100 ]
[ 3962 ] [ 0.894300, 0.356500, -0.102600, 0.250400 ] [ 0.035100, -0.459600, -0.887100, 0.026100 ]
[ 4060 ] [ 0.900400, 0.353100, -0.111700, 0.228400 ] [ 0.034300, -0.456800, -0.888500, 0.024900 ]
[ 4167 ] [ 0.900400, 0.353100, -0.111700, 0.228400 ] [ 0.034300, -0.456800, -0.888500, 0.024900 ]
[ 4264 ] [ 0.900400, 0.353100, -0.111700, 0.228400 ] [ 0.034300, -0.456800, -0.888500, 0.024900 ]
[ 4374 ] [ 0.902500, 0.351900, -0.115000, 0.219900 ] [ 0.034300, -0.455800, -0.889100, 0.024900 ]
[ 4463 ] [ 0.902500, 0.351900, -0.115000, 0.219900 ] [ 0.034300, -0.455800, -0.889100, 0.024900 ]
[ 4559 ] [ 0.902500, 0.351900, -0.115000, 0.219900 ] [ 0.034300, -0.455800, -0.889100, 0.024900 ]
[ 4660 ] [ 0.904600, 0.350800, -0.118400, 0.211300 ] [ 0.034200, -0.454700, -0.889600, 0.025000 ]
[ 4760 ] [ 0.904600, 0.350800, -0.118400, 0.211300 ] [ 0.034200, -0.454700, -0.889600, 0.025000 ]
[ 4859 ] [ 0.904600, 0.350800, -0.118400, 0.211300 ] [ 0.034200, -0.454700, -0.889600, 0.025000 ]
[ 4959 ] [ 0.904600, 0.350800, -0.118400, 0.211300 ] [ 0.034200, -0.454700, -0.889600, 0.025000 ]
[ 5059 ] [ 0.909500, 0.347800, -0.126900, 0.188900 ] [ 0.034100, -0.451900, -0.891100, 0.025000 ]
[ 5161 ] [ 0.909500, 0.347800, -0.126900, 0.188900 ] [ 0.034100, -0.451900, -0.891100, 0.025000 ]
[ 5259 ] [ 0.909500, 0.347800, -0.126900, 0.188900 ] [ 0.034100, -0.451900, -0.891100, 0.025000 ]
[ 5367 ] [ 0.911300, 0.346500, -0.130200, 0.180300 ] [ 0.034100, -0.450900, -0.891500, 0.025000 ]
[ 5469 ] [ 0.911300, 0.346500, -0.130200, 0.180300 ] [ 0.034100, -0.450900, -0.891500, 0.025000 ]
[ 5578 ] [ 0.911300, 0.346500, -0.130200, 0.180300 ] [ 0.034100, -0.450900, -0.891500, 0.025000 ]
[ 5662 ] [ 0.911300, 0.346500, -0.130200, 0.180300 ] [ 0.034100, -0.450900, -0.891500, 0.025000 ]
[ 5777 ] [ 0.915400, 0.343200, -0.138600, 0.158000 ] [ 0.034000, -0.449000, -0.892500, 0.025100 ]
[ 5862 ] [ 0.915400, 0.343200, -0.138600, 0.158000 ] [ 0.034000, -0.449000, -0.892500, 0.025100 ]
[ 5958 ] [ 0.915400, 0.343200, -0.138600, 0.158000 ] [ 0.034000, -0.449000, -0.892500, 0.025100 ]
[ 6060 ] [ 0.916900, 0.341900, -0.141900, 0.149300 ] [ 0.034000, -0.447900, -0.893100, 0.025100 ]
[ 6161 ] [ 0.916900, 0.341900, -0.141900, 0.149300 ] [ 0.034000, -0.447900, -0.893100, 0.025100 ]
[ 6259 ] [ 0.916900, 0.341900, -0.141900, 0.149300 ] [ 0.034000, -0.447900, -0.893100, 0.025100 ]
[ 6362 ] [ 0.916900, 0.341900, -0.141900, 0.149300 ] [ 0.034000, -0.447900, -0.893100, 0.025100 ]
[ 6465 ] [ 0.918300, 0.340400, -0.145300, 0.140700 ] [ 0.033900, -0.445100, -0.894500, 0.025300 ]
[ 6562 ] [ 0.918300, 0.340400, -0.145300, 0.140700 ] [ 0.033900, -0.445100, -0.894500, 0.025300 ]
[ 6659 ] [ 0.918300, 0.340400, -0.145300, 0.140700 ] [ 0.033900, -0.445100, -0.894500, 0.025300 ]
[ 6761 ] [ 0.921400, 0.336700, -0.153800, 0.118200 ] [ 0.033900, -0.444000, -0.895000, 0.025400 ]
[ 6859 ] [ 0.921400, 0.336700, -0.153800, 0.118200 ] [ 0.033900, -0.444000, -0.895000, 0.025400 ]
[ 6959 ] [ 0.921400, 0.336700, -0.153800, 0.118200 ] [ 0.033900, -0.444000, -0.895000, 0.025400 ]
[ 7063 ] [ 0.922500, 0.335300, -0.157100, 0.109500 ] [ 0.033900, -0.442900, -0.895600, 0.025400 ]
[ 7160 ] [ 0.922500, 0.335300, -0.157100, 0.109500 ] [ 0.033900, -0.442900, -0.895600, 0.025400 ]
[ 7259 ] [ 0.922500, 0.335300, -0.157100, 0.109500 ] [ 0.033900, -0.442900, -0.895600, 0.025400 ]
[ 7359 ] [ 0.922500, 0.335300, -0.157100, 0.109500 ] [ 0.033900, -0.442900, -0.895600, 0.025400 ]
[ 7460 ] [ 0.924900, 0.331300, -0.165200, 0.086600 ] [ 0.033800, -0.440100, -0.896900, 0.025500 ]
[ 7559 ] [ 0.924900, 0.331300, -0.165200, 0.086600 ] [ 0.033800, -0.440100, -0.896900, 0.025500 ]
[ 7659 ] [ 0.924900, 0.331300, -0.165200, 0.086600 ] [ 0.033800, -0.440100, -0.896900, 0.025500 ]
[ 7764 ] [ 0.925700, 0.329900, -0.168100, 0.077800 ] [ 0.033700, -0.439000, -0.897500, 0.025400 ]
[ 7862 ] [ 0.925700, 0.329900, -0.168100, 0.077800 ] [ 0.033700, -0.439000, -0.897500, 0.025400 ]
[ 7961 ] [ 0.925700, 0.329900, -0.168100, 0.077800 ] [ 0.033700, -0.439000, -0.897500, 0.025400 ]
[ 8058 ] [ 0.925700, 0.329900, -0.168100, 0.077800 ] [ 0.033700, -0.439000, -0.897500, 0.025400 ]
[ 8163 ] [ 0.925800, 0.330600, -0.170000, 0.068500 ] [ 0.034400, -0.436200, -0.898800, 0.026500 ]
[ 8260 ] [ 0.925800, 0.330600, -0.170000, 0.068500 ] [ 0.034400, -0.436200, -0.898800, 0.026500 ]
[ 8366 ] [ 0.925800, 0.330600, -0.170000, 0.068500 ] [ 0.034400, -0.436200, -0.898800, 0.026500 ]
[ 8472 ] [ 0.928600, 0.324300, -0.176000, 0.039800 ] [ 0.028600, -0.437900, -0.898200, 0.025900 ]
[ 8560 ] [ 0.928600, 0.324300, -0.176000, 0.039800 ] [ 0.028600, -0.437900, -0.898200, 0.025900 ]
[ 8665 ] [ 0.928600, 0.324300, -0.176000, 0.039800 ] [ 0.028600, -0.437900, -0.898200, 0.025900 ]
[ 8762 ] [ 0.929200, 0.323200, -0.177500, 0.025700 ] [ 0.024300, -0.430200, -0.902200, 0.020500 ]
[ 8859 ] [ 0.929200, 0.323200, -0.177500, 0.025700 ] [ 0.024300, -0.430200, -0.902200, 0.020500 ]
[ 8960 ] [ 0.929200, 0.323200, -0.177500, 0.025700 ] [ 0.024300, -0.430200, -0.902200, 0.020500 ]
[ 9060 ] [ 0.929200, 0.323200, -0.177500, 0.025700 ] [ 0.024300, -0.430200, -0.902200, 0.020500 ]
[ 9163 ] [ 0.924000, 0.321600, -0.205300, 0.026200 ] [ -0.456300, -0.358600, -0.806000, 0.116100 ]
[ 9260 ] [ 0.924000, 0.321600, -0.205300, 0.026200 ] [ -0.456300, -0.358600, -0.806000, 0.116100 ]
[ 9358 ] [ 0.924000, 0.321600, -0.205300, 0.026200 ] [ -0.456300, -0.358600, -0.806000, 0.116100 ]
[ 9461 ] [ 0.923000, 0.323300, -0.207900, 0.020000 ] [ -0.665400, -0.294100, -0.678400, 0.103000 ]
[ 9560 ] [ 0.923000, 0.323300, -0.207900, 0.020000 ] [ -0.665400, -0.294100, -0.678400, 0.103000 ]
[ 9669 ] [ 0.923000, 0.323300, -0.207900, 0.020000 ] [ -0.665400, -0.294100, -0.678400, 0.103000 ]
[ 9764 ] [ 0.921900, 0.326400, -0.206200, 0.031200 ] [ -0.793700, -0.238700, -0.552000, 0.091600 ]
[ 9862 ] [ 0.921900, 0.326400, -0.206200, 0.031200 ] [ -0.793700, -0.238700, -0.552000, 0.091600 ]
[ 9959 ] [ 0.921900, 0.326400, -0.206200, 0.031200 ] [ -0.793700, -0.238700, -0.552000, 0.091600 ]
[ 10060 ] [ 0.921900, 0.326400, -0.206200, 0.031200 ] [ -0.793700, -0.238700, -0.552000, 0.091600 ]
[ 10162 ] [ 0.918000, 0.302600, -0.242700, 0.082200 ] [ -0.963400, -0.072300, -0.248600, 0.070000 ]
[ 10261 ] [ 0.918000, 0.302600, -0.242700, 0.082200 ] [ -0.963400, -0.072300, -0.248600, 0.070000 ]
[ 10358 ] [ 0.918000, 0.302600, -0.242700, 0.082200 ] [ -0.963400, -0.072300, -0.248600, 0.070000 ]
[ 10470 ] [ 0.917400, 0.290300, -0.254700, 0.096400 ] [ -0.986800, -0.024700, -0.142700, 0.072900 ]
[ 10571 ] [ 0.917400, 0.290300, -0.254700, 0.096400 ] [ -0.986800, -0.024700, -0.142700, 0.072900 ]
[ 10658 ] [ 0.917400, 0.290300, -0.254700, 0.096400 ] [ -0.986800, -0.024700, -0.142700, 0.072900 ]
[ 10761 ] [ 0.917400, 0.290300, -0.254700, 0.096400 ] [ -0.986800, -0.024700, -0.142700, 0.072900 ]
[ 10866 ] [ 0.916900, 0.282900, -0.262900, 0.100500 ] [ -0.997800, 0.053000, -0.007600, 0.039400 ]
[ 10961 ] [ 0.916900, 0.282900, -0.262900, 0.100500 ] [ -0.997800, 0.053000, -0.007600, 0.039400 ]
[ 11060 ] [ 0.916900, 0.282900, -0.262900, 0.100500 ] [ -0.997800, 0.053000, -0.007600, 0.039400 ]
[ 11160 ] [ 0.916900, 0.282900, -0.262900, 0.100500 ] [ -0.997800, 0.053000, -0.007600, 0.039400 ]
[ 11263 ] [ 0.917400, 0.270400, -0.276800, 0.093000 ] [ -0.997300, 0.060400, -0.002700, 0.042300 ]
[ 11365 ] [ 0.917400, 0.270400, -0.276800, 0.093000 ] [ -0.997300, 0.060400, -0.002700, 0.042300 ]
[ 11474 ] [ 0.917400, 0.270400, -0.276800, 0.093000 ] [ -0.997300, 0.060400, -0.002700, 0.042300 ]
[ 11563 ] [ 0.917800, 0.269600, -0.278500, 0.086100 ] [ -0.996900, 0.064300, 0.001500, 0.044500 ]
[ 11661 ] [ 0.917800, 0.269600, -0.278500, 0.086100 ] [ -0.996900, 0.064300, 0.001500, 0.044500 ]
[ 11760 ] [ 0.917800, 0.269600, -0.278500, 0.086100 ] [ -0.996900, 0.064300, 0.001500, 0.044500 ]
[ 11874 ] [ 0.917800, 0.269600, -0.278500, 0.086100 ] [ -0.996900, 0.064300, 0.001500, 0.044500 ]
[ 11961 ] [ 0.918200, 0.267700, -0.283500, 0.069800 ] [ -0.995700, 0.080700, 0.000700, 0.046300 ]
[ 12058 ] [ 0.918200, 0.267700, -0.283500, 0.069800 ] [ -0.995700, 0.080700, 0.000700, 0.046300 ]
[ 12161 ] [ 0.918200, 0.267700, -0.283500, 0.069800 ] [ -0.995700, 0.080700, 0.000700, 0.046300 ]
[ 12262 ] [ 0.918300, 0.266800, -0.285400, 0.063800 ] [ -0.994900, 0.088300, -0.006000, 0.047400 ]
[ 12358 ] [ 0.918300, 0.266800, -0.285400, 0.063800 ] [ -0.994900, 0.088300, -0.006000, 0.047400 ]
[ 12458 ] [ 0.918300, 0.266800, -0.285400, 0.063800 ] [ -0.994900, 0.088300, -0.006000, 0.047400 ]
[ 12559 ] [ 0.918500, 0.265200, -0.287800, 0.056600 ] [ -0.994500, 0.090000, 0.001900, 0.053100 ]
[ 12659 ] [ 0.918500, 0.265200, -0.287800, 0.056600 ] [ -0.994500, 0.090000, 0.001900, 0.053100 ]
[ 12771 ] [ 0.918500, 0.265200, -0.287800, 0.056600 ] [ -0.994500, 0.090000, 0.001900, 0.053100 ]
[ 12861 ] [ 0.918500, 0.265200, -0.287800, 0.056600 ] [ -0.994500, 0.090000, 0.001900, 0.053100 ]
[ 12958 ] [ 0.919300, 0.259500, -0.293400, 0.037600 ] [ -0.994400, 0.091000, 0.004100, 0.054400 ]
[ 13058 ] [ 0.919300, 0.259500, -0.293400, 0.037600 ] [ -0.994400, 0.091000, 0.004100, 0.054400 ]
[ 13160 ] [ 0.919300, 0.259500, -0.293400, 0.037600 ] [ -0.994400, 0.091000, 0.004100, 0.054400 ]
[ 13260 ] [ 0.919400, 0.257800, -0.295500, 0.030000 ] [ -0.994100, 0.092200, 0.004700, 0.056900 ]
[ 13360 ] [ 0.919400, 0.257800, -0.295500, 0.030000 ] [ -0.994100, 0.092200, 0.004700, 0.056900 ]
[ 13461 ] [ 0.919400, 0.257800, -0.295500, 0.030000 ] [ -0.994100, 0.092200, 0.004700, 0.056900 ]
[ 13560 ] [ 0.919400, -0.002400, 0.255900, -0.297800 ] [ -0.993400, 0.096500, 0.009700, 0.061900 ]
[ 13658 ] [ 0.919400, -0.002400, 0.255900, -0.297800 ] [ -0.993400, 0.096500, 0.009700, 0.061900 ]
[ 13762 ] [ 0.919400, -0.002400, 0.255900, -0.297800 ] [ -0.993400, 0.096500, 0.009700, 0.061900 ]
[ 13858 ] [ 0.919400, -0.002400, 0.255900, -0.297800 ] [ -0.993400, 0.096500, 0.009700, 0.061900 ]
[ 13963 ] [ 0.919400, 0.250200, -0.303300, 0.004500 ] [ -0.993100, 0.098000, 0.012300, 0.063400 ]
[ 14060 ] [ 0.919400, 0.250200, -0.303300, 0.004500 ] [ -0.993100, 0.098000, 0.012300, 0.063400 ]
[ 14161 ] [ 0.919400, 0.250200, -0.303300, 0.004500 ] [ -0.993100, 0.098000, 0.012300, 0.063400 ]
[ 14260 ] [ 0.919300, 0.248000, -0.305500, -0.003100 ] [ -0.992900, 0.098400, 0.012000, 0.065200 ]
[ 14366 ] [ 0.919300, 0.248000, -0.305500, -0.003100 ] [ -0.992900, 0.098400, 0.012000, 0.065200 ]
[ 14470 ] [ 0.919300, 0.248000, -0.305500, -0.003100 ] [ -0.992900, 0.098400, 0.012000, 0.065200 ]
[ 14560 ] [ 0.919300, 0.248000, -0.305500, -0.003100 ] [ -0.992900, 0.098400, 0.012000, 0.065200 ]
[ 14658 ] [ 0.918900, 0.242100, -0.310800, -0.022400 ] [ -0.992400, 0.101000, 0.014200, 0.068600 ]
[ 14762 ] [ 0.918900, 0.242100, -0.310800, -0.022400 ] [ -0.992400, 0.101000, 0.014200, 0.068600 ]
[ 14860 ] [ 0.918900, 0.242100, -0.310800, -0.022400 ] [ -0.992400, 0.101000, 0.014200, 0.068600 ]
[ 14959 ] [ 0.918600, 0.239700, -0.312800, -0.030000 ] [ -0.992200, 0.101300, 0.015800, 0.070500 ]
[ 15059 ] [ 0.918600, 0.239700, -0.312800, -0.030000 ] [ -0.992200, 0.101300, 0.015800, 0.070500 ]
[ 15166 ] [ 0.918600, 0.239700, -0.312800, -0.030000 ] [ -0.992200, 0.101300, 0.015800, 0.070500 ]
[ 15260 ] [ 0.918600, 0.239700, -0.312800, -0.030000 ] [ -0.992200, 0.101300, 0.015800, 0.070500 ]
[ 15361 ] [ 0.918000, 0.235200, -0.316300, -0.043700 ] [ -0.991800, 0.102600, 0.015500, 0.074600 ]
[ 15459 ] [ 0.918000, 0.235200, -0.316300, -0.043700 ] [ -0.991800, 0.102600, 0.015500, 0.074600 ]
[ 15559 ] [ 0.918000, 0.235200, -0.316300, -0.043700 ] [ -0.991800, 0.102600, 0.015500, 0.074600 ]
[ 15660 ] [ 0.917900, 0.232200, -0.317900, -0.049700 ] [ -0.991600, 0.102800, 0.015900, 0.076500 ]
[ 15759 ] [ 0.917900, 0.232200, -0.317900, -0.049700 ] [ -0.991600, 0.102800, 0.015900, 0.076500 ]
[ 15878 ] [ 0.917900, 0.232200, -0.317900, -0.049700 ] [ -0.991600, 0.102800, 0.015900, 0.076500 ]
[ 15965 ] [ 0.917900, 0.232200, -0.317900, -0.049700 ] [ -0.991600, 0.102800, 0.015900, 0.076500 ]
[ 16061 ] [ 0.916600, 0.226000, -0.322600, -0.069100 ] [ -0.991200, 0.103800, 0.013700, 0.080500 ]
[ 16161 ] [ 0.916600, 0.226000, -0.322600, -0.069100 ] [ -0.991200, 0.103800, 0.013700, 0.080500 ]
[ 16262 ] [ 0.916600, 0.226000, -0.322600, -0.069100 ] [ -0.991200, 0.103800, 0.013700, 0.080500 ]
[ 16362 ] [ 0.915800, 0.227400, -0.321200, -0.080400 ] [ -0.967900, -0.049900, -0.239500, 0.057700 ]
[ 16461 ] [ 0.915800, 0.227400, -0.321200, -0.080400 ] [ -0.967900, -0.049900, -0.239500, 0.057700 ]
[ 16561 ] [ 0.915800, 0.227400, -0.321200, -0.080400 ] [ -0.967900, -0.049900, -0.239500, 0.057700 ]
[ 16661 ] [ 0.904000, 0.236400, -0.317700, -0.161100 ] [ -0.614800, -0.355400, -0.704000, 0.006800 ]
[ 16761 ] [ 0.904000, 0.236400, -0.317700, -0.161100 ] [ -0.614800, -0.355400, -0.704000, 0.006800 ]
[ 16859 ] [ 0.904000, 0.236400, -0.317700, -0.161100 ] [ -0.614800, -0.355400, -0.704000, 0.006800 ]
[ 16960 ] [ 0.904000, 0.236400, -0.317700, -0.161100 ] [ -0.614800, -0.355400, -0.704000, 0.006800 ]
[ 17062 ] [ 0.896500, 0.253700, -0.276000, -0.236200 ] [ 0.041500, -0.529500, -0.845500, 0.055500 ]
[ 17162 ] [ 0.896500, 0.253700, -0.276000, -0.236200 ] [ 0.041500, -0.529500, -0.845500, 0.055500 ]
[ 17261 ] [ 0.896500, 0.253700, -0.276000, -0.236200 ] [ 0.041500, -0.529500, -0.845500, 0.055500 ]
[ 17370 ] [ 0.894700, 0.246100, -0.277100, -0.249200 ] [ 0.035200, -0.524500, -0.849500, 0.045500 ]
[ 17469 ] [ 0.894700, 0.246100, -0.277100, -0.249200 ] [ 0.035200, -0.524500, -0.849500, 0.045500 ]
[ 17559 ] [ 0.894700, 0.246100, -0.277100, -0.249200 ] [ 0.035200, -0.524500, -0.849500, 0.045500 ]
[ 17658 ] [ 0.892900, 0.241800, -0.279600, -0.257000 ] [ 0.036100, -0.522800, -0.850600, 0.042600 ]
[ 17766 ] [ 0.892900, 0.241800, -0.279600, -0.257000 ] [ 0.036100, -0.522800, -0.850600, 0.042600 ]
[ 17863 ] [ 0.892900, 0.241800, -0.279600, -0.257000 ] [ 0.036100, -0.522800, -0.850600, 0.042600 ]
[ 17980 ] [ 0.892900, 0.241800, -0.279600, -0.257000 ] [ 0.036100, -0.522800, -0.850600, 0.042600 ]
[ 18060 ] [ 0.887900, 0.230600, -0.285200, -0.277800 ] [ 0.037900, -0.519700, -0.852600, 0.038400 ]
[ 18166 ] [ 0.887900, 0.230600, -0.285200, -0.277800 ] [ 0.037900, -0.519700, -0.852600, 0.038400 ]
[ 18261 ] [ 0.887900, 0.230600, -0.285200, -0.277800 ] [ 0.037900, -0.519700, -0.852600, 0.038400 ]
[ 18361 ] [ 0.887900, 0.230600, -0.285200, -0.277800 ] [ 0.037900, -0.519700, -0.852600, 0.038400 ]
[ 18460 ] [ 0.885700, 0.226600, -0.287500, -0.285500 ] [ 0.036900, -0.514400, -0.856300, 0.028900 ]
[ 18560 ] [ 0.885700, 0.226600, -0.287500, -0.285500 ] [ 0.036900, -0.514400, -0.856300, 0.028900 ]
[ 18659 ] [ 0.885700, 0.226600, -0.287500, -0.285500 ] [ 0.036900, -0.514400, -0.856300, 0.028900 ]
[ 18759 ] [ 0.865900, 0.209900, -0.305900, -0.335500 ] [ -0.176600, -0.280300, -0.886800, -0.322300 ]
[ 18860 ] [ 0.865900, 0.209900, -0.305900, -0.335500 ] [ -0.176600, -0.280300, -0.886800, -0.322300 ]
[ 18961 ] [ 0.865900, 0.209900, -0.305900, -0.335500 ] [ -0.176600, -0.280300, -0.886800, -0.322300 ]
[ 19064 ] [ 0.867400, 0.180600, -0.316000, -0.339400 ] [ -0.263000, -0.260100, -0.803500, -0.466400 ]
[ 19162 ] [ 0.867400, 0.180600, -0.316000, -0.339400 ] [ -0.263000, -0.260100, -0.803500, -0.466400 ]
[ 19259 ] [ 0.867400, 0.180600, -0.316000, -0.339400 ] [ -0.263000, -0.260100, -0.803500, -0.466400 ]
[ 19358 ] [ 0.867400, 0.180600, -0.316000, -0.339400 ] [ -0.263000, -0.260100, -0.803500, -0.466400 ]
[ 19459 ] [ 0.867600, 0.146700, -0.325200, -0.346500 ] [ -0.306000, -0.156500, -0.590700, -0.730000 ]
[ 19558 ] [ 0.867600, 0.146700, -0.325200, -0.346500 ] [ -0.306000, -0.156500, -0.590700, -0.730000 ]
[ 19661 ] [ 0.867600, 0.146700, -0.325200, -0.346500 ] [ -0.306000, -0.156500, -0.590700, -0.730000 ]
[ 19766 ] [ 0.864700, 0.143400, -0.326900, -0.353300 ] [ -0.320800, -0.156600, -0.571400, -0.739000 ]
[ 19861 ] [ 0.864700, 0.143400, -0.326900, -0.353300 ] [ -0.320800, -0.156600, -0.571400, -0.739000 ]
[ 19964 ] [ 0.864700, 0.143400, -0.326900, -0.353300 ] [ -0.320800, -0.156600, -0.571400, -0.739000 ]
[ 20059 ] [ 0.864700, 0.143400, -0.326900, -0.353300 ] [ -0.320800, -0.156600, -0.571400, -0.739000 ]
[ 20161 ] [ 0.859500, 0.137200, -0.329700, -0.365600 ] [ -0.322800, -0.152900, -0.568300, -0.741300 ]
[ 20261 ] [ 0.859500, 0.137200, -0.329700, -0.365600 ] [ -0.322800, -0.152900, -0.568300, -0.741300 ]
[ 20365 ] [ 0.859500, 0.137200, -0.329700, -0.365600 ] [ -0.322800, -0.152900, -0.568300, -0.741300 ]
[ 20473 ] [ 0.856300, 0.135200, -0.331100, -0.372600 ] [ -0.322800, -0.152100, -0.568100, -0.741500 ]
[ 20559 ] [ 0.856300, 0.135200, -0.331100, -0.372600 ] [ -0.322800, -0.152100, -0.568100, -0.741500 ]
[ 20665 ] [ 0.856300, 0.135200, -0.331100, -0.372600 ] [ -0.322800, -0.152100, -0.568100, -0.741500 ]
[ 20760 ] [ 0.856300, 0.135200, -0.331100, -0.372600 ] [ -0.322800, -0.152100, -0.568100, -0.741500 ]
[ 20861 ] [ 0.848300, 0.126400, -0.334700, -0.390400 ] [ -0.323200, -0.150200, -0.567100, -0.742500 ]
[ 20962 ] [ 0.848300, 0.126400, -0.334700, -0.390400 ] [ -0.323200, -0.150200, -0.567100, -0.742500 ]
[ 21061 ] [ 0.848300, 0.126400, -0.334700, -0.390400 ] [ -0.323200, -0.150200, -0.567100, -0.742500 ]
[ 21171 ] [ 0.845100, 0.123200, -0.335900, -0.397300 ] [ -0.323300, -0.149300, -0.566700, -0.743000 ]
[ 21260 ] [ 0.845100, 0.123200, -0.335900, -0.397300 ] [ -0.323300, -0.149300, -0.566700, -0.743000 ]
[ 21361 ] [ 0.845100, 0.123200, -0.335900, -0.397300 ] [ -0.323300, -0.149300, -0.566700, -0.743000 ]
[ 21459 ] [ 0.845100, 0.123200, -0.335900, -0.397300 ] [ -0.323300, -0.149300, -0.566700, -0.743000 ]
[ 21560 ] [ 0.841800, 0.120000, -0.337100, -0.404100 ] [ -0.323300, -0.147200, -0.565800, -0.744100 ]
[ 21659 ] [ 0.841800, 0.120000, -0.337100, -0.404100 ] [ -0.323300, -0.147200, -0.565800, -0.744100 ]
[ 21759 ] [ 0.841800, 0.120000, -0.337100, -0.404100 ] [ -0.323300, -0.147200, -0.565800, -0.744100 ]
[ 21858 ] [ 0.841800, 0.120000, -0.337100, -0.404100 ] [ -0.323300, -0.147200, -0.565800, -0.744100 ]
[ 21963 ] [ 0.833000, 0.112400, -0.339900, -0.421800 ] [ -0.323100, -0.146000, -0.565300, -0.744800 ]
[ 22070 ] [ 0.833000, 0.112400, -0.339900, -0.421800 ] [ -0.323100, -0.146000, -0.565300, -0.744800 ]
[ 22161 ] [ 0.833000, 0.112400, -0.339900, -0.421800 ] [ -0.323100, -0.146000, -0.565300, -0.744800 ]
[ 22262 ] [ 0.826700, 0.107200, -0.341700, -0.434000 ] [ -0.322900, -0.145500, -0.565200, -0.745100 ]
[ 22363 ] [ 0.826700, 0.107200, -0.341700, -0.434000 ] [ -0.322900, -0.145500, -0.565200, -0.745100 ]
[ 22461 ] [ 0.826700, 0.107200, -0.341700, -0.434000 ] [ -0.322900, -0.145500, -0.565200, -0.745100 ]
[ 22559 ] [ 0.823100, 0.104400, -0.342600, -0.440800 ] [ -0.322500, -0.145000, -0.565100, -0.745400 ]
[ 22671 ] [ 0.823100, 0.104400, -0.342600, -0.440800 ] [ -0.322500, -0.145000, -0.565100, -0.745400 ]
[ 22759 ] [ 0.823100, 0.104400, -0.342600, -0.440800 ] [ -0.322500, -0.145000, -0.565100, -0.745400 ]
[ 22859 ] [ 0.823100, 0.104400, -0.342600, -0.440800 ] [ -0.322500, -0.145000, -0.565100, -0.745400 ]
[ 22962 ] [ 0.813600, 0.096300, -0.344800, -0.458200 ] [ -0.322100, -0.143500, -0.564500, -0.746300 ]
[ 23061 ] [ 0.813600, 0.096300, -0.344800, -0.458200 ] [ -0.322100, -0.143500, -0.564500, -0.746300 ]
[ 23161 ] [ 0.813600, 0.096300, -0.344800, -0.458200 ] [ -0.322100, -0.143500, -0.564500, -0.746300 ]
[ 23261 ] [ 0.809700, 0.093500, -0.345600, -0.464900 ] [ -0.321700, -0.143100, -0.564500, -0.746500 ]
[ 23372 ] [ 0.809700, 0.093500, -0.345600, -0.464900 ] [ -0.321700, -0.143100, -0.564500, -0.746500 ]
[ 23471 ] [ 0.809700, 0.093500, -0.345600, -0.464900 ] [ -0.321700, -0.143100, -0.564500, -0.746500 ]
[ 23560 ] [ 0.809700, 0.093500, -0.345600, -0.464900 ] [ -0.321700, -0.143100, -0.564500, -0.746500 ]
[ 23660 ] [ 0.805900, 0.090600, -0.346300, -0.471500 ] [ -0.321400, -0.142700, -0.564500, -0.746800 ]
[ 23766 ] [ 0.805900, 0.090600, -0.346300, -0.471500 ] [ -0.321400, -0.142700, -0.564500, -0.746800 ]
[ 23859 ] [ 0.805900, 0.090600, -0.346300, -0.471500 ] [ -0.321400, -0.142700, -0.564500, -0.746800 ]
[ 23966 ] [ 0.795600, 0.083000, -0.348300, -0.488600 ] [ -0.320400, -0.141800, -0.564300, -0.747500 ]
[ 24067 ] [ 0.795600, 0.083000, -0.348300, -0.488600 ] [ -0.320400, -0.141800, -0.564300, -0.747500 ]
[ 24166 ] [ 0.795600, 0.083000, -0.348300, -0.488600 ] [ -0.320400, -0.141800, -0.564300, -0.747500 ]
[ 24270 ] [ 0.795600, 0.083000, -0.348300, -0.488600 ] [ -0.320400, -0.141800, -0.564300, -0.747500 ]
[ 24367 ] [ 0.791700, 0.080100, -0.348800, -0.495200 ] [ -0.320100, -0.141500, -0.564300, -0.747700 ]
[ 24468 ] [ 0.791700, 0.080100, -0.348800, -0.495200 ] [ -0.320100, -0.141500, -0.564300, -0.747700 ]
[ 24561 ] [ 0.791700, 0.080100, -0.348800, -0.495200 ] [ -0.320100, -0.141500, -0.564300, -0.747700 ]
[ 24659 ] [ 0.787600, 0.077000, -0.349400, -0.501600 ] [ -0.319500, -0.140100, -0.563900, -0.748600 ]
[ 24759 ] [ 0.787600, 0.077000, -0.349400, -0.501600 ] [ -0.319500, -0.140100, -0.563900, -0.748600 ]
[ 24858 ] [ 0.787600, 0.077000, -0.349400, -0.501600 ] [ -0.319500, -0.140100, -0.563900, -0.748600 ]
[ 24967 ] [ 0.787600, 0.077000, -0.349400, -0.501600 ] [ -0.319500, -0.140100, -0.563900, -0.748600 ]
[ 25063 ] [ 0.776600, 0.069700, -0.351100, -0.518400 ] [ -0.318700, -0.139600, -0.563900, -0.749000 ]
[ 25166 ] [ 0.776600, 0.069700, -0.351100, -0.518400 ] [ -0.318700, -0.139600, -0.563900, -0.749000 ]
[ 25264 ] [ 0.776600, 0.069700, -0.351100, -0.518400 ] [ -0.318700, -0.139600, -0.563900, -0.749000 ]
[ 25365 ] [ 0.772300, 0.066900, -0.351800, -0.524700 ] [ -0.318200, -0.139300, -0.563900, -0.749200 ]
[ 25459 ] [ 0.772300, 0.066900, -0.351800, -0.524700 ] [ -0.318200, -0.139300, -0.563900, -0.749200 ]
[ 25559 ] [ 0.772300, 0.066900, -0.351800, -0.524700 ] [ -0.318200, -0.139300, -0.563900, -0.749200 ]
[ 25661 ] [ 0.772300, 0.066900, -0.351800, -0.524700 ] [ -0.318200, -0.139300, -0.563900, -0.749200 ]
[ 25760 ] [ 0.761000, 0.059200, -0.353200, -0.540900 ] [ -0.317700, -0.139000, -0.563900, -0.749500 ]
[ 25860 ] [ 0.761000, 0.059200, -0.353200, -0.540900 ] [ -0.317700, -0.139000, -0.563900, -0.749500 ]
[ 25969 ] [ 0.761000, 0.059200, -0.353200, -0.540900 ] [ -0.317700, -0.139000, -0.563900, -0.749500 ]
[ 26061 ] [ 0.756600, 0.056300, -0.353600, -0.547100 ] [ -0.316700, -0.138200, -0.563800, -0.750100 ]
[ 26163 ] [ 0.756600, 0.056300, -0.353600, -0.547100 ] [ -0.316700, -0.138200, -0.563800, -0.750100 ]
[ 26261 ] [ 0.756600, 0.056300, -0.353600, -0.547100 ] [ -0.316700, -0.138200, -0.563800, -0.750100 ]
[ 26375 ] [ 0.752100, 0.053300, -0.354000, -0.553300 ] [ -0.316300, -0.137800, -0.563700, -0.750400 ]
[ 26477 ] [ 0.752100, 0.053300, -0.354000, -0.553300 ] [ -0.316300, -0.137800, -0.563700, -0.750400 ]
[ 26561 ] [ 0.752100, 0.053300, -0.354000, -0.553300 ] [ -0.316300, -0.137800, -0.563700, -0.750400 ]
[ 26660 ] [ 0.752100, 0.053300, -0.354000, -0.553300 ] [ -0.316300, -0.137800, -0.563700, -0.750400 ]
[ 26764 ] [ 0.740200, 0.045800, -0.355100, -0.569100 ] [ -0.315900, -0.137500, -0.563700, -0.750600 ]
[ 26859 ] [ 0.740200, 0.045800, -0.355100, -0.569100 ] [ -0.315900, -0.137500, -0.563700, -0.750600 ]
[ 26964 ] [ 0.740200, 0.045800, -0.355100, -0.569100 ] [ -0.315900, -0.137500, -0.563700, -0.750600 ]
[ 27065 ] [ 0.735500, 0.043000, -0.355500, -0.575200 ] [ -0.314800, -0.136900, -0.563900, -0.751100 ]
[ 27163 ] [ 0.735500, 0.043000, -0.355500, -0.575200 ] [ -0.314800, -0.136900, -0.563900, -0.751100 ]
[ 27260 ] [ 0.735500, 0.043000, -0.355500, -0.575200 ] [ -0.314800, -0.136900, -0.563900, -0.751100 ]
[ 27372 ] [ 0.735500, 0.043000, -0.355500, -0.575200 ] [ -0.314800, -0.136900, -0.563900, -0.751100 ]
[ 27460 ] [ 0.723200, 0.035000, -0.356200, -0.590700 ] [ -0.314700, -0.136300, -0.563600, -0.751500 ]
[ 27558 ] [ 0.723200, 0.035000, -0.356200, -0.590700 ] [ -0.314700, -0.136300, -0.563600, -0.751500 ]
[ 27658 ] [ 0.723200, 0.035000, -0.356200, -0.590700 ] [ -0.314700, -0.136300, -0.563600, -0.751500 ]
[ 27760 ] [ 0.718300, 0.031700, -0.356700, -0.596500 ] [ -0.277600, -0.131200, -0.587300, -0.748900 ]
[ 27862 ] [ 0.718300, 0.031700, -0.356700, -0.596500 ] [ -0.277600, -0.131200, -0.587300, -0.748900 ]
[ 27967 ] [ 0.718300, 0.031700, -0.356700, -0.596500 ] [ -0.277600, -0.131200, -0.587300, -0.748900 ]
[ 28060 ] [ 0.716600, 0.047600, -0.364800, -0.592500 ] [ -0.277500, 0.024800, -0.560400, -0.780000 ]
[ 28169 ] [ 0.716600, 0.047600, -0.364800, -0.592500 ] [ -0.277500, 0.024800, -0.560400, -0.780000 ]
[ 28261 ] [ 0.716600, 0.047600, -0.364800, -0.592500 ] [ -0.277500, 0.024800, -0.560400, -0.780000 ]
[ 28376 ] [ 0.716600, 0.047600, -0.364800, -0.592500 ] [ -0.277500, 0.024800, -0.560400, -0.780000 ]
[ 28462 ] [ 0.710000, -0.060300, -0.278600, -0.643900 ] [ -0.206800, -0.027800, -0.402900, -0.891100 ]
[ 28558 ] [ 0.710000, -0.060300, -0.278600, -0.643900 ] [ -0.206800, -0.027800, -0.402900, -0.891100 ]
[ 28660 ] [ 0.710000, -0.060300, -0.278600, -0.643900 ] [ -0.206800, -0.027800, -0.402900, -0.891100 ]
[ 28762 ] [ 0.751900, -0.097900, -0.247700, -0.603000 ] [ -0.191700, 0.054800, 0.289000, -0.936300 ]
[ 28859 ] [ 0.751900, -0.097900, -0.247700, -0.603000 ] [ -0.191700, 0.054800, 0.289000, -0.936300 ]
[ 28966 ] [ 0.751900, -0.097900, -0.247700, -0.603000 ] [ -0.191700, 0.054800, 0.289000, -0.936300 ]
[ 29063 ] [ 0.751900, -0.097900, -0.247700, -0.603000 ] [ -0.191700, 0.054800, 0.289000, -0.936300 ]
[ 29166 ] [ 0.753500, -0.107900, -0.239800, -0.602600 ] [ -0.189100, 0.041000, 0.347000, -0.917700 ]
[ 29261 ] [ 0.753500, -0.107900, -0.239800, -0.602600 ] [ -0.189100, 0.041000, 0.347000, -0.917700 ]
[ 29371 ] [ 0.753500, -0.107900, -0.239800, -0.602600 ] [ -0.189100, 0.041000, 0.347000, -0.917700 ]
[ 29470 ] [ 0.751000, -0.118400, -0.233300, -0.606300 ] [ -0.153300, 0.086200, 0.504600, -0.845300 ]
[ 29561 ] [ 0.751000, -0.118400, -0.233300, -0.606300 ] [ -0.153300, 0.086200, 0.504600, -0.845300 ]
[ 29660 ] [ 0.751000, -0.118400, -0.233300, -0.606300 ] [ -0.153300, 0.086200, 0.504600, -0.845300 ]
[ 29759 ] [ 0.751000, -0.118400, -0.233300, -0.606300 ] [ -0.153300, 0.086200, 0.504600, -0.845300 ]
[ 29861 ] [ 0.749800, -0.122200, -0.230700, -0.607900 ] [ -0.180800, 0.079500, 0.450300, -0.870800 ]
[ 29968 ] [ 0.749800, -0.122200, -0.230700, -0.607900 ] [ -0.180800, 0.079500, 0.450300, -0.870800 ]
[ 30061 ] [ 0.749800, -0.122200, -0.230700, -0.607900 ] [ -0.180800, 0.079500, 0.450300, -0.870800 ]
[ 30174 ] [ 0.718900, -0.022200, -0.310600, -0.621400 ] [ -0.200100, 0.060500, 0.193200, -0.958700 ]
[ 30261 ] [ 0.718900, -0.022200, -0.310600, -0.621400 ] [ -0.200100, 0.060500, 0.193200, -0.958700 ]
[ 30363 ] [ 0.718900, -0.022200, -0.310600, -0.621400 ] [ -0.200100, 0.060500, 0.193200, -0.958700 ]
[ 30467 ] [ 0.718900, -0.022200, -0.310600, -0.621400 ] [ -0.200100, 0.060500, 0.193200, -0.958700 ]
[ 30561 ] [ 0.704100, -0.000200, -0.322700, -0.632500 ] [ -0.095400, -0.029600, -0.722700, -0.683900 ]
[ 30658 ] [ 0.704100, -0.000200, -0.322700, -0.632500 ] [ -0.095400, -0.029600, -0.722700, -0.683900 ]
[ 30761 ] [ 0.704100, -0.000200, -0.322700, -0.632500 ] [ -0.095400, -0.029600, -0.722700, -0.683900 ]
[ 30866 ] [ 0.694400, 0.029300, -0.342400, -0.632200 ] [ -0.002900, -0.109100, -0.927300, -0.358100 ]
[ 30965 ] [ 0.694400, 0.029300, -0.342400, -0.632200 ] [ -0.002900, -0.109100, -0.927300, -0.358100 ]
[ 31059 ] [ 0.694400, 0.029300, -0.342400, -0.632200 ] [ -0.002900, -0.109100, -0.927300, -0.358100 ]
[ 31168 ] [ 0.628600, 0.069400, -0.357300, -0.687300 ] [ 0.049300, -0.131200, -0.982800, -0.120300 ]
[ 31260 ] [ 0.628600, 0.069400, -0.357300, -0.687300 ] [ 0.049300, -0.131200, -0.982800, -0.120300 ]
[ 31363 ] [ 0.628600, 0.069400, -0.357300, -0.687300 ] [ 0.049300, -0.131200, -0.982800, -0.120300 ]
[ 31474 ] [ 0.628600, 0.069400, -0.357300, -0.687300 ] [ 0.049300, -0.131200, -0.982800, -0.120300 ]
[ 31562 ] [ 0.618700, 0.069700, -0.360400, -0.694600 ] [ 0.043200, -0.130800, -0.990000, 0.028900 ]
[ 31659 ] [ 0.618700, 0.069700, -0.360400, -0.694600 ] [ 0.043200, -0.130800, -0.990000, 0.028900 ]
[ 31759 ] [ 0.618700, 0.069700, -0.360400, -0.694600 ] [ 0.043200, -0.130800, -0.990000, 0.028900 ]
[ 31860 ] [ 0.618700, 0.069700, -0.360400, -0.694600 ] [ 0.043200, -0.130800, -0.990000, 0.028900 ]
[ 31966 ] [ 0.591800, 0.046800, -0.339800, -0.729500 ] [ 0.057200, -0.152400, -0.982700, -0.088200 ]
[ 32060 ] [ 0.591800, 0.046800, -0.339800, -0.729500 ] [ 0.057200, -0.152400, -0.982700, -0.088200 ]
[ 32161 ] [ 0.591800, 0.046800, -0.339800, -0.729500 ] [ 0.057200, -0.152400, -0.982700, -0.088200 ]
[ 32260 ] [ 0.578700, 0.064700, -0.360300, -0.728800 ] [ 0.046900, -0.149000, -0.985800, 0.061400 ]
[ 32365 ] [ 0.578700, 0.064700, -0.360300, -0.728800 ] [ 0.046900, -0.149000, -0.985800, 0.061400 ]
[ 32479 ] [ 0.578700, 0.064700, -0.360300, -0.728800 ] [ 0.046900, -0.149000, -0.985800, 0.061400 ]
[ 32559 ] [ 0.571700, 0.058600, -0.358200, -0.735900 ] [ 0.043200, -0.140300, -0.988100, 0.045000 ]
[ 32657 ] [ 0.571700, 0.058600, -0.358200, -0.735900 ] [ 0.043200, -0.140300, -0.988100, 0.045000 ]
[ 32759 ] [ 0.571700, 0.058600, -0.358200, -0.735900 ] [ 0.043200, -0.140300, -0.988100, 0.045000 ]
[ 32863 ] [ 0.571700, 0.058600, -0.358200, -0.735900 ] [ 0.043200, -0.140300, -0.988100, 0.045000 ]
[ 32967 ] [ 0.552300, 0.052300, -0.357800, -0.751100 ] [ 0.043800, -0.137400, -0.988300, 0.049100 ]
[ 33059 ] [ 0.552300, 0.052300, -0.357800, -0.751100 ] [ 0.043800, -0.137400, -0.988300, 0.049100 ]
[ 33160 ] [ 0.552300, 0.052300, -0.357800, -0.751100 ] [ 0.043800, -0.137400, -0.988300, 0.049100 ]
[ 33263 ] [ 0.544900, 0.049800, -0.358000, -0.756600 ] [ 0.043600, -0.136300, -0.988400, 0.050100 ]
[ 33363 ] [ 0.544900, 0.049800, -0.358000, -0.756600 ] [ 0.043600, -0.136300, -0.988400, 0.050100 ]
[ 33461 ] [ 0.544900, 0.049800, -0.358000, -0.756600 ] [ 0.043600, -0.136300, -0.988400, 0.050100 ]
[ 33558 ] [ 0.544900, 0.049800, -0.358000, -0.756600 ] [ 0.043600, -0.136300, -0.988400, 0.050100 ]
[ 33660 ] [ 0.519300, 0.042400, -0.391700, -0.758400 ] [ 0.044300, -0.132900, -0.988800, 0.051900 ]
[ 33760 ] [ 0.519300, 0.042400, -0.391700, -0.758400 ] [ 0.044300, -0.132900, -0.988800, 0.051900 ]
[ 33858 ] [ 0.519300, 0.042400, -0.391700, -0.758400 ] [ 0.044300, -0.132900, -0.988800, 0.051900 ]
[ 33965 ] [ 0.487200, -0.001300, -0.608000, -0.626900 ] [ 0.043000, -0.132000, -0.988900, 0.052300 ]
[ 34061 ] [ 0.487200, -0.001300, -0.608000, -0.626900 ] [ 0.043000, -0.132000, -0.988900, 0.052300 ]
[ 34159 ] [ 0.487200, -0.001300, -0.608000, -0.626900 ] [ 0.043000, -0.132000, -0.988900, 0.052300 ]
[ 34273 ] [ 0.347500, -0.150800, -0.799300, -0.466500 ] [ 0.040900, -0.127700, -0.989700, 0.050900 ]
[ 34359 ] [ 0.347500, -0.150800, -0.799300, -0.466500 ] [ 0.040900, -0.127700, -0.989700, 0.050900 ]
[ 34459 ] [ 0.347500, -0.150800, -0.799300, -0.466500 ] [ 0.040900, -0.127700, -0.989700, 0.050900 ]
[ 34563 ] [ 0.347500, -0.150800, -0.799300, -0.466500 ] [ 0.040900, -0.127700, -0.989700, 0.050900 ]
[ 34661 ] [ 0.030600, -0.413100, -0.910000, -0.019500 ] [ 0.033200, -0.127100, -0.990100, 0.049400 ]
[ 34761 ] [ 0.030600, -0.413100, -0.910000, -0.019500 ] [ 0.033200, -0.127100, -0.990100, 0.049400 ]
[ 34865 ] [ 0.030600, -0.413100, -0.910000, -0.019500 ] [ 0.033200, -0.127100, -0.990100, 0.049400 ]
[ 34965 ] [ -0.026100, -0.431200, -0.901400, 0.028400 ] [ 0.033800, -0.128800, -0.989900, 0.049600 ]
[ 35060 ] [ -0.026100, -0.431200, -0.901400, 0.028400 ] [ 0.033800, -0.128800, -0.989900, 0.049600 ]
[ 35160 ] [ -0.026100, -0.431200, -0.901400, 0.028400 ] [ 0.033800, -0.128800, -0.989900, 0.049600 ]
[ 35260 ] [ -0.046600, -0.434300, -0.899000, 0.031500 ] [ 0.033000, -0.128400, -0.989900, 0.049700 ]
[ 35364 ] [ -0.046600, -0.434300, -0.899000, 0.031500 ] [ 0.033000, -0.128400, -0.989900, 0.049700 ]
[ 35472 ] [ -0.046600, -0.434300, -0.899000, 0.031500 ] [ 0.033000, -0.128400, -0.989900, 0.049700 ]
[ 35560 ] [ -0.046600, -0.434300, -0.899000, 0.031500 ] [ 0.033000, -0.128400, -0.989900, 0.049700 ]
[ 35660 ] [ -0.047300, -0.413100, -0.903700, -0.101800 ] [ 0.028800, -0.126000, -0.990300, 0.051900 ]
[ 35761 ] [ -0.047300, -0.413100, -0.903700, -0.101800 ] [ 0.028800, -0.126000, -0.990300, 0.051900 ]
[ 35858 ] [ -0.047300, -0.413100, -0.903700, -0.101800 ] [ 0.028800, -0.126000, -0.990300, 0.051900 ]
[ 35963 ] [ 0.131100, -0.354000, -0.849800, -0.367900 ] [ 0.024000, -0.125000, -0.990500, 0.052700 ]
[ 36060 ] [ 0.131100, -0.354000, -0.849800, -0.367900 ] [ 0.024000, -0.125000, -0.990500, 0.052700 ]
[ 36164 ] [ 0.131100, -0.354000, -0.849800, -0.367900 ] [ 0.024000, -0.125000, -0.990500, 0.052700 ]
[ 36266 ] [ 0.131100, -0.354000, -0.849800, -0.367900 ] [ 0.024000, -0.125000, -0.990500, 0.052700 ]
[ 36362 ] [ 0.422600, -0.053900, -0.468900, -0.773700 ] [ 0.049100, -0.122700, -0.989800, 0.053100 ]
[ 36461 ] [ 0.422600, -0.053900, -0.468900, -0.773700 ] [ 0.049100, -0.122700, -0.989800, 0.053100 ]
[ 36559 ] [ 0.422600, -0.053900, -0.468900, -0.773700 ] [ 0.049100, -0.122700, -0.989800, 0.053100 ]
[ 36662 ] [ 0.403400, 0.036600, -0.450200, -0.795800 ] [ 0.040000, -0.122300, -0.990200, 0.054800 ]
[ 36760 ] [ 0.403400, 0.036600, -0.450200, -0.795800 ] [ 0.040000, -0.122300, -0.990200, 0.054800 ]
[ 36859 ] [ 0.403400, 0.036600, -0.450200, -0.795800 ] [ 0.040000, -0.122300, -0.990200, 0.054800 ]
[ 36961 ] [ 0.402000, 0.027100, -0.432600, -0.806600 ] [ 0.040000, -0.121100, -0.990300, 0.054800 ]
[ 37062 ] [ 0.402000, 0.027100, -0.432600, -0.806600 ] [ 0.040000, -0.121100, -0.990300, 0.054800 ]
[ 37161 ] [ 0.402000, 0.027100, -0.432600, -0.806600 ] [ 0.040000, -0.121100, -0.990300, 0.054800 ]
[ 37263 ] [ 0.402000, 0.027100, -0.432600, -0.806600 ] [ 0.040000, -0.121100, -0.990300, 0.054800 ]
[ 37361 ] [ 0.287700, -0.179600, -0.699800, -0.628700 ] [ 0.035900, -0.115800, -0.991200, 0.054000 ]
[ 37464 ] [ 0.287700, -0.179600, -0.699800, -0.628700 ] [ 0.035900, -0.115800, -0.991200, 0.054000 ]
[ 37567 ] [ 0.287700, -0.179600, -0.699800, -0.628700 ] [ 0.035900, -0.115800, -0.991200, 0.054000 ]
[ 37661 ] [ 0.133900, -0.415800, -0.862300, -0.256100 ] [ 0.031100, -0.113300, -0.991700, 0.052800 ]
[ 37761 ] [ 0.133900, -0.415800, -0.862300, -0.256100 ] [ 0.031100, -0.113300, -0.991700, 0.052800 ]
[ 37864 ] [ 0.133900, -0.415800, -0.862300, -0.256100 ] [ 0.031100, -0.113300, -0.991700, 0.052800 ]
[ 37966 ] [ 0.133900, -0.415800, -0.862300, -0.256100 ] [ 0.031100, -0.113300, -0.991700, 0.052800 ]
[ 38062 ] [ -0.026200, -0.555500, -0.827100, 0.081400 ] [ 0.040400, -0.117300, -0.991000, 0.050300 ]
[ 38160 ] [ -0.026200, -0.555500, -0.827100, 0.081400 ] [ 0.040400, -0.117300, -0.991000, 0.050300 ]
[ 38261 ] [ -0.026200, -0.555500, -0.827100, 0.081400 ] [ 0.040400, -0.117300, -0.991000, 0.050300 ]
[ 38365 ] [ -0.069200, -0.555300, -0.821100, 0.112300 ] [ 0.038600, -0.119500, -0.990800, 0.050300 ]
[ 38471 ] [ -0.069200, -0.555300, -0.821100, 0.112300 ] [ 0.038600, -0.119500, -0.990800, 0.050300 ]
[ 38560 ] [ -0.069200, -0.555300, -0.821100, 0.112300 ] [ 0.038600, -0.119500, -0.990800, 0.050300 ]
[ 38660 ] [ -0.069200, -0.555300, -0.821100, 0.112300 ] [ 0.038600, -0.119500, -0.990800, 0.050300 ]
[ 38759 ] [ -0.112100, -0.543900, -0.822700, 0.121400 ] [ 0.036900, -0.119300, -0.990900, 0.050500 ]
[ 38859 ] [ -0.112100, -0.543900, -0.822700, 0.121400 ] [ 0.036900, -0.119300, -0.990900, 0.050500 ]
[ 38963 ] [ -0.112100, -0.543900, -0.822700, 0.121400 ] [ 0.036900, -0.119300, -0.990900, 0.050500 ]
[ 39064 ] [ -0.113200, -0.544700, -0.821900, 0.122000 ] [ 0.032100, -0.118900, -0.991100, 0.051200 ]
[ 39161 ] [ -0.113200, -0.544700, -0.821900, 0.122000 ] [ 0.032100, -0.118900, -0.991100, 0.051200 ]
[ 39259 ] [ -0.113200, -0.544700, -0.821900, 0.122000 ] [ 0.032100, -0.118900, -0.991100, 0.051200 ]
[ 39360 ] [ -0.051400, -0.534000, -0.843600, 0.024900 ] [ 0.019200, -0.123000, -0.990900, 0.051400 ]
[ 39462 ] [ -0.051400, -0.534000, -0.843600, 0.024900 ] [ 0.019200, -0.123000, -0.990900, 0.051400 ]
[ 39560 ] [ -0.051400, -0.534000, -0.843600, 0.024900 ] [ 0.019200, -0.123000, -0.990900, 0.051400 ]
[ 39659 ] [ -0.051400, -0.534000, -0.843600, 0.024900 ] [ 0.019200, -0.123000, -0.990900, 0.051400 ]
[ 39760 ] [ 0.559600, -0.208800, -0.461100, -0.656200 ] [ 0.049300, -0.122300, -0.990000, 0.050600 ]
[ 39859 ] [ 0.559600, -0.208800, -0.461100, -0.656200 ] [ 0.049300, -0.122300, -0.990000, 0.050600 ]
[ 39961 ] [ 0.559600, -0.208800, -0.461100, -0.656200 ] [ 0.049300, -0.122300, -0.990000, 0.050600 ]
[ 40060 ] [ 0.543400, -0.097300, -0.491700, -0.673500 ] [ 0.044000, -0.109900, -0.991600, 0.051500 ]
[ 40161 ] [ 0.543400, -0.097300, -0.491700, -0.673500 ] [ 0.044000, -0.109900, -0.991600, 0.051500 ]
[ 40259 ] [ 0.543400, -0.097300, -0.491700, -0.673500 ] [ 0.044000, -0.109900, -0.991600, 0.051500 ]
[ 40371 ] [ 0.543400, -0.097300, -0.491700, -0.673500 ] [ 0.044000, -0.109900, -0.991600, 0.051500 ]
[ 40463 ] [ 0.449500, 0.083800, -0.451400, -0.766300 ] [ 0.037200, -0.087800, -0.994100, 0.051400 ]
[ 40559 ] [ 0.449500, 0.083800, -0.451400, -0.766300 ] [ 0.037200, -0.087800, -0.994100, 0.051400 ]
[ 40662 ] [ 0.449500, 0.083800, -0.451400, -0.766300 ] [ 0.037200, -0.087800, -0.994100, 0.051400 ]
[ 40758 ] [ 0.449500, 0.083800, -0.451400, -0.766300 ] [ 0.037200, -0.087800, -0.994100, 0.051400 ]
[ 40859 ] [ 0.442400, 0.075300, -0.444700, -0.775100 ] [ 0.037100, -0.084900, -0.994400, 0.051600 ]
[ 40974 ] [ 0.442400, 0.075300, -0.444700, -0.775100 ] [ 0.037100, -0.084900, -0.994400, 0.051600 ]
[ 41059 ] [ 0.442400, 0.075300, -0.444700, -0.775100 ] [ 0.037100, -0.084900, -0.994400, 0.051600 ]
[ 41161 ] [ 0.435100, 0.067800, -0.439300, -0.783000 ] [ 0.037300, -0.083800, -0.994400, 0.051600 ]
[ 41259 ] [ 0.435100, 0.067800, -0.439300, -0.783000 ] [ 0.037300, -0.083800, -0.994400, 0.051600 ]
[ 41364 ] [ 0.435100, 0.067800, -0.439300, -0.783000 ] [ 0.037300, -0.083800, -0.994400, 0.051600 ]
[ 41469 ] [ 0.415200, 0.049600, -0.428200, -0.801100 ] [ 0.037300, -0.082700, -0.994500, 0.051800 ]
[ 41560 ] [ 0.415200, 0.049600, -0.428200, -0.801100 ] [ 0.037300, -0.082700, -0.994500, 0.051800 ]
[ 41660 ] [ 0.415200, 0.049600, -0.428200, -0.801100 ] [ 0.037300, -0.082700, -0.994500, 0.051800 ]
[ 41759 ] [ 0.415200, 0.049600, -0.428200, -0.801100 ] [ 0.037300, -0.082700, -0.994500, 0.051800 ]
[ 41860 ] [ 0.406900, 0.043300, -0.425300, -0.807200 ] [ 0.037100, -0.079800, -0.994800, 0.051600 ]
[ 41960 ] [ 0.406900, 0.043300, -0.425300, -0.807200 ] [ 0.037100, -0.079800, -0.994800, 0.051600 ]
[ 42058 ] [ 0.406900, 0.043300, -0.425300, -0.807200 ] [ 0.037100, -0.079800, -0.994800, 0.051600 ]
[ 42162 ] [ 0.406900, 0.043300, -0.425300, -0.807200 ] [ 0.037100, -0.079800, -0.994800, 0.051600 ]
[ 42261 ] [ 0.386100, 0.027500, -0.418200, -0.821800 ] [ 0.037100, -0.077800, -0.994900, 0.051800 ]
[ 42369 ] [ 0.386100, 0.027500, -0.418200, -0.821800 ] [ 0.037100, -0.077800, -0.994900, 0.051800 ]
[ 42460 ] [ 0.386100, 0.027500, -0.418200, -0.821800 ] [ 0.037100, -0.077800, -0.994900, 0.051800 ]
[ 42560 ] [ 0.377900, 0.021500, -0.415800, -0.827000 ] [ 0.036300, -0.076800, -0.995100, 0.051100 ]
[ 42659 ] [ 0.377900, 0.021500, -0.415800, -0.827000 ] [ 0.036300, -0.076800, -0.995100, 0.051100 ]
[ 42761 ] [ 0.377900, 0.021500, -0.415800, -0.827000 ] [ 0.036300, -0.076800, -0.995100, 0.051100 ]
[ 42860 ] [ 0.368900, 0.016000, -0.414500, -0.831800 ] [ 0.036000, -0.075700, -0.995200, 0.051100 ]
[ 42969 ] [ 0.368900, 0.016000, -0.414500, -0.831800 ] [ 0.036000, -0.075700, -0.995200, 0.051100 ]
[ 43067 ] [ 0.368900, 0.016000, -0.414500, -0.831800 ] [ 0.036000, -0.075700, -0.995200, 0.051100 ]
[ 43161 ] [ 0.368900, 0.016000, -0.414500, -0.831800 ] [ 0.036000, -0.075700, -0.995200, 0.051100 ]
[ 43259 ] [ 0.346700, 0.002600, -0.411200, -0.843100 ] [ 0.035800, -0.072800, -0.995400, 0.051100 ]
[ 43359 ] [ 0.346700, 0.002600, -0.411200, -0.843100 ] [ 0.035800, -0.072800, -0.995400, 0.051100 ]
[ 43459 ] [ 0.346700, 0.002600, -0.411200, -0.843100 ] [ 0.035800, -0.072800, -0.995400, 0.051100 ]
[ 43560 ] [ 0.337900, -0.002600, -0.410100, -0.847100 ] [ 0.035800, -0.071700, -0.995500, 0.051100 ]
[ 43658 ] [ 0.337900, -0.002600, -0.410100, -0.847100 ] [ 0.035800, -0.071700, -0.995500, 0.051100 ]
[ 43758 ] [ 0.337900, -0.002600, -0.410100, -0.847100 ] [ 0.035800, -0.071700, -0.995500, 0.051100 ]
[ 43862 ] [ 0.337900, -0.002600, -0.410100, -0.847100 ] [ 0.035800, -0.071700, -0.995500, 0.051100 ]
[ 43968 ] [ 0.314100, -0.016000, -0.408700, -0.856800 ] [ 0.035600, -0.068800, -0.995700, 0.051300 ]
[ 44063 ] [ 0.314100, -0.016000, -0.408700, -0.856800 ] [ 0.035600, -0.068800, -0.995700, 0.051300 ]
[ 44164 ] [ 0.314100, -0.016000, -0.408700, -0.856800 ] [ 0.035600, -0.068800, -0.995700, 0.051300 ]
[ 44265 ] [ 0.305100, -0.020900, -0.407900, -0.860300 ] [ 0.035600, -0.067700, -0.995700, 0.051400 ]
[ 44370 ] [ 0.305100, -0.020900, -0.407900, -0.860300 ] [ 0.035600, -0.067700, -0.995700, 0.051400 ]
[ 44481 ] [ 0.305100, -0.020900, -0.407900, -0.860300 ] [ 0.035600, -0.067700, -0.995700, 0.051400 ]
[ 44564 ] [ 0.296100, -0.025600, -0.407300, -0.863600 ] [ 0.035500, -0.066600, -0.995800, 0.051500 ]
