[ 2095 ] [ 0.978200, 0.028200, -0.116500, -0.169900 ] [ 0.047400, -0.884500, -0.464000, -0.011400 ]
[ 2207 ] [ 0.977900, 0.029200, -0.115000, -0.172200 ] [ 0.046200, -0.884000, -0.465000, -0.011300 ]
[ 2288 ] [ 0.976700, 0.028500, -0.114900, -0.178900 ] [ 0.046100, -0.883500, -0.466000, -0.011400 ]
[ 2373 ] [ 0.976300, 0.028400, -0.114800, -0.181300 ] [ 0.046100, -0.882100, -0.468600, -0.011300 ]
[ 2480 ] [ 0.975800, 0.028200, -0.114800, -0.183900 ] [ 0.046200, -0.881600, -0.469600, -0.011300 ]
[ 2578 ] [ 0.974600, 0.027300, -0.114900, -0.190300 ] [ 0.046100, -0.880600, -0.471400, -0.011100 ]
[ 2666 ] [ 0.974100, 0.027000, -0.114900, -0.192800 ] [ 0.046100, -0.880100, -0.472400, -0.011100 ]
[ 2771 ] [ 0.974100, 0.027000, -0.114900, -0.192800 ] [ 0.046100, -0.880100, -0.472400, -0.011100 ]
[ 2866 ] [ 0.972800, 0.026500, -0.115000, -0.199400 ] [ 0.046000, -0.878700, -0.475000, -0.011000 ]
[ 2966 ] [ 0.972800, 0.026500, -0.115000, -0.199400 ] [ 0.046000, -0.878700, -0.475000, -0.011000 ]
[ 3065 ] [ 0.972800, 0.026500, -0.115000, -0.199400 ] [ 0.046000, -0.878700, -0.475000, -0.011000 ]
[ 3166 ] [ 0.972300, 0.026200, -0.115000, -0.202000 ] [ 0.046000, -0.878200, -0.476000, -0.010900 ]
[ 3264 ] [ 0.972300, 0.026200, -0.115000, -0.202000 ] [ 0.046000, -0.878200, -0.476000, -0.010900 ]
[ 3370 ] [ 0.972300, 0.026200, -0.115000, -0.202000 ] [ 0.046000, -0.878200, -0.476000, -0.010900 ]
[ 3464 ] [ 0.972300, 0.026200, -0.115000, -0.202000 ] [ 0.046000, -0.878200, -0.476000, -0.010900 ]
[ 3568 ] [ 0.971300, 0.025600, -0.115000, -0.206600 ] [ 0.046000, -0.876800, -0.478500, -0.010700 ]
[ 3665 ] [ 0.971300, 0.025600, -0.115000, -0.206600 ] [ 0.046000, -0.876800, -0.478500, -0.010700 ]
[ 3766 ] [ 0.971300, 0.025600, -0.115000, -0.206600 ] [ 0.046000, -0.876800, -0.478500, -0.010700 ]
[ 3866 ] [ 0.970800, 0.025300, -0.115000, -0.209100 ] [ 0.045900, -0.876300, -0.479500, -0.010700 ]
[ 3979 ] [ 0.970800, 0.025300, -0.115000, -0.209100 ] [ 0.045900, -0.876300, -0.479500, -0.010700 ]
[ 4066 ] [ 0.970800, 0.025300, -0.115000, -0.209100 ] [ 0.045900, -0.876300, -0.479500, -0.010700 ]
[ 4165 ] [ 0.970800, 0.025300, -0.115000, -0.209100 ] [ 0.045900, -0.876300, -0.479500, -0.010700 ]
[ 4263 ] [ 0.969400, 0.024700, -0.115200, -0.215500 ] [ 0.045800, -0.875700, -0.480500, -0.010600 ]
[ 4365 ] [ 0.969400, 0.024700, -0.115200, -0.215500 ] [ 0.045800, -0.875700, -0.480500, -0.010600 ]
[ 4463 ] [ 0.969400, 0.024700, -0.115200, -0.215500 ] [ 0.045800, -0.875700, -0.480500, -0.010600 ]
[ 4568 ] [ 0.968800, 0.024400, -0.115300, -0.218000 ] [ 0.045900, -0.874300, -0.483000, -0.010400 ]
[ 4665 ] [ 0.968800, 0.024400, -0.115300, -0.218000 ] [ 0.045900, -0.874300, -0.483000, -0.010400 ]
[ 4765 ] [ 0.968800, 0.024400, -0.115300, -0.218000 ] [ 0.045900, -0.874300, -0.483000, -0.010400 ]
[ 4863 ] [ 0.968300, 0.024000, -0.115200, -0.220500 ] [ 0.045900, -0.873800, -0.484000, -0.010300 ]
[ 4966 ] [ 0.968300, 0.024000, -0.115200, -0.220500 ] [ 0.045900, -0.873800, -0.484000, -0.010300 ]
[ 5072 ] [ 0.968300, 0.024000, -0.115200, -0.220500 ] [ 0.045900, -0.873800, -0.484000, -0.010300 ]
[ 5181 ] [ 0.968300, 0.024000, -0.115200, -0.220500 ] [ 0.045900, -0.873800, -0.484000, -0.010300 ]
[ 5275 ] [ 0.966600, 0.023000, -0.115900, -0.227400 ] [ 0.046200, -0.872800, -0.485800, -0.010300 ]
[ 5365 ] [ 0.966600, 0.023000, -0.115900, -0.227400 ] [ 0.046200, -0.872800, -0.485800, -0.010300 ]
[ 5470 ] [ 0.966600, 0.023000, -0.115900, -0.227400 ] [ 0.046200, -0.872800, -0.485800, -0.010300 ]
[ 5569 ] [ 0.966600, 0.023000, -0.115900, -0.227400 ] [ 0.046200, -0.872800, -0.485800, -0.010300 ]
[ 5663 ] [ 0.964900, 0.022600, -0.116100, -0.234300 ] [ 0.046600, -0.872200, -0.486700, -0.010300 ]
[ 5763 ] [ 0.964900, 0.022600, -0.116100, -0.234300 ] [ 0.046600, -0.872200, -0.486700, -0.010300 ]
[ 5870 ] [ 0.964900, 0.022600, -0.116100, -0.234300 ] [ 0.046600, -0.872200, -0.486700, -0.010300 ]
[ 5966 ] [ 0.964400, 0.022100, -0.116100, -0.236400 ] [ 0.049400, -0.870700, -0.489100, -0.011900 ]
[ 6069 ] [ 0.964400, 0.022100, -0.116100, -0.236400 ] [ 0.049400, -0.870700, -0.489100, -0.011900 ]
[ 6168 ] [ 0.964400, 0.022100, -0.116100, -0.236400 ] [ 0.049400, -0.870700, -0.489100, -0.011900 ]
[ 6265 ] [ 0.963800, 0.021700, -0.116200, -0.238800 ] [ 0.049000, -0.870200, -0.490100, -0.011700 ]
[ 6367 ] [ 0.963800, 0.021700, -0.116200, -0.238800 ] [ 0.049000, -0.870200, -0.490100, -0.011700 ]
[ 6465 ] [ 0.963800, 0.021700, -0.116200, -0.238800 ] [ 0.049000, -0.870200, -0.490100, -0.011700 ]
[ 6569 ] [ 0.963800, 0.021700, -0.116200, -0.238800 ] [ 0.049000, -0.870200, -0.490100, -0.011700 ]
[ 6665 ] [ 0.962600, 0.021000, -0.115900, -0.244000 ] [ 0.047800, -0.868800, -0.492700, -0.011100 ]
[ 6762 ] [ 0.962600, 0.021000, -0.115900, -0.244000 ] [ 0.047800, -0.868800, -0.492700, -0.011100 ]
[ 6863 ] [ 0.962600, 0.021000, -0.115900, -0.244000 ] [ 0.047800, -0.868800, -0.492700, -0.011100 ]
[ 6966 ] [ 0.962200, 0.020600, -0.115900, -0.245600 ] [ 0.045200, -0.868400, -0.493700, -0.011300 ]
[ 7071 ] [ 0.962200, 0.020600, -0.115900, -0.245600 ] [ 0.045200, -0.868400, -0.493700, -0.011300 ]
[ 7166 ] [ 0.962200, 0.020600, -0.115900, -0.245600 ] [ 0.045200, -0.868400, -0.493700, -0.011300 ]
[ 7264 ] [ 0.962200, 0.020600, -0.115900, -0.245600 ] [ 0.045200, -0.868400, -0.493700, -0.011300 ]
[ 7364 ] [ 0.960400, 0.020000, -0.116300, -0.252300 ] [ -0.034100, -0.879900, -0.472500, -0.036200 ]
[ 7465 ] [ 0.960400, 0.020000, -0.116300, -0.252300 ] [ -0.034100, -0.879900, -0.472500, -0.036200 ]
[ 7567 ] [ 0.960400, 0.020000, -0.116300, -0.252300 ] [ -0.034100, -0.879900, -0.472500, -0.036200 ]
[ 7665 ] [ 0.959700, 0.020100, -0.116200, -0.255300 ] [ -0.417700, -0.780500, -0.404700, -0.229200 ]
[ 7763 ] [ 0.959700, 0.020100, -0.116200, -0.255300 ] [ -0.417700, -0.780500, -0.404700, -0.229200 ]
[ 7864 ] [ 0.959700, 0.020100, -0.116200, -0.255300 ] [ -0.417700, -0.780500, -0.404700, -0.229200 ]
[ 7969 ] [ 0.958700, 0.019900, -0.116200, -0.258800 ] [ -0.471600, -0.745200, -0.398800, -0.251700 ]
[ 8079 ] [ 0.958700, 0.019900, -0.116200, -0.258800 ] [ -0.471600, -0.745200, -0.398800, -0.251700 ]
[ 8177 ] [ 0.958700, 0.019900, -0.116200, -0.258800 ] [ -0.471600, -0.745200, -0.398800, -0.251700 ]
[ 8272 ] [ 0.958700, 0.019900, -0.116200, -0.258800 ] [ -0.471600, -0.745200, -0.398800, -0.251700 ]
[ 8365 ] [ 0.956900, 0.018800, -0.116300, -0.265400 ] [ -0.512800, -0.713700, -0.391200, -0.273200 ]
[ 8466 ] [ 0.956900, 0.018800, -0.116300, -0.265400 ] [ -0.512800, -0.713700, -0.391200, -0.273200 ]
[ 8569 ] [ 0.956900, 0.018800, -0.116300, -0.265400 ] [ -0.512800, -0.713700, -0.391200, -0.273200 ]
[ 8677 ] [ 0.956200, 0.018600, -0.116300, -0.268100 ] [ -0.434500, -0.747600, -0.440200, -0.242000 ]
[ 8763 ] [ 0.956200, 0.018600, -0.116300, -0.268100 ] [ -0.434500, -0.747600, -0.440200, -0.242000 ]
[ 8863 ] [ 0.956200, 0.018600, -0.116300, -0.268100 ] [ -0.434500, -0.747600, -0.440200, -0.242000 ]
[ 8965 ] [ 0.955600, 0.018100, -0.116300, -0.270000 ] [ -0.217000, -0.824700, -0.504800, -0.134000 ]
[ 9068 ] [ 0.955600, 0.018100, -0.116300, -0.270000 ] [ -0.217000, -0.824700, -0.504800, -0.134000 ]
[ 9165 ] [ 0.955600, 0.018100, -0.116300, -0.270000 ] [ -0.217000, -0.824700, -0.504800, -0.134000 ]
[ 9262 ] [ 0.955600, 0.018100, -0.116300, -0.270000 ] [ -0.217000, -0.824700, -0.504800, -0.134000 ]
[ 9364 ] [ 0.953900, 0.017200, -0.116400, -0.276200 ] [ 0.014900, -0.844600, -0.535100, -0.007900 ]
[ 9462 ] [ 0.953900, 0.017200, -0.116400, -0.276200 ] [ 0.014900, -0.844600, -0.535100, -0.007900 ]
[ 9567 ] [ 0.953900, 0.017200, -0.116400, -0.276200 ] [ 0.014900, -0.844600, -0.535100, -0.007900 ]
[ 9663 ] [ 0.953100, 0.017000, -0.116500, -0.278700 ] [ 0.014600, -0.844000, -0.536100, -0.007300 ]
[ 9762 ] [ 0.953100, 0.017000, -0.116500, -0.278700 ] [ 0.014600, -0.844000, -0.536100, -0.007300 ]
[ 9863 ] [ 0.953100, 0.017000, -0.116500, -0.278700 ] [ 0.014600, -0.844000, -0.536100, -0.007300 ]
[ 9970 ] [ 0.953100, 0.017000, -0.116500, -0.278700 ] [ 0.014600, -0.844000, -0.536100, -0.007300 ]
[ 10079 ] [ 0.951100, 0.016300, -0.116400, -0.285600 ] [ 0.056600, -0.834300, -0.547600, 0.030300 ]
[ 10166 ] [ 0.951100, 0.016300, -0.116400, -0.285600 ] [ 0.056600, -0.834300, -0.547600, 0.030300 ]
[ 10264 ] [ 0.951100, 0.016300, -0.116400, -0.285600 ] [ 0.056600, -0.834300, -0.547600, 0.030300 ]
[ 10363 ] [ 0.951100, 0.016300, -0.116400, -0.285600 ] [ 0.056600, -0.834300, -0.547600, 0.030300 ]
[ 10465 ] [ 0.950200, 0.016100, -0.116500, -0.288700 ] [ 0.527700, -0.630200, -0.460800, 0.334900 ]
[ 10569 ] [ 0.950200, 0.016100, -0.116500, -0.288700 ] [ 0.527700, -0.630200, -0.460800, 0.334900 ]
[ 10664 ] [ 0.950200, 0.016100, -0.116500, -0.288700 ] [ 0.527700, -0.630200, -0.460800, 0.334900 ]
[ 10763 ] [ 0.949300, 0.015900, -0.116600, -0.291400 ] [ 0.535600, -0.622900, -0.458100, 0.339500 ]
[ 10864 ] [ 0.949300, 0.015900, -0.116600, -0.291400 ] [ 0.535600, -0.622900, -0.458100, 0.339500 ]
[ 10966 ] [ 0.949300, 0.015900, -0.116600, -0.291400 ] [ 0.535600, -0.622900, -0.458100, 0.339500 ]
[ 11062 ] [ 0.949300, 0.015900, -0.116600, -0.291400 ] [ 0.535600, -0.622900, -0.458100, 0.339500 ]
[ 11174 ] [ 0.947300, 0.014900, -0.116900, -0.297800 ] [ 0.548000, -0.616400, -0.451300, 0.340700 ]
[ 11270 ] [ 0.947300, 0.014900, -0.116900, -0.297800 ] [ 0.548000, -0.616400, -0.451300, 0.340700 ]
[ 11363 ] [ 0.947300, 0.014900, -0.116900, -0.297800 ] [ 0.548000, -0.616400, -0.451300, 0.340700 ]
[ 11464 ] [ 0.946500, 0.014500, -0.117000, -0.300300 ] [ 0.555000, -0.615800, -0.445900, 0.337600 ]
[ 11567 ] [ 0.946500, 0.014500, -0.117000, -0.300300 ] [ 0.555000, -0.615800, -0.445900, 0.337600 ]
[ 11664 ] [ 0.946500, 0.014500, -0.117000, -0.300300 ] [ 0.555000, -0.615800, -0.445900, 0.337600 ]
[ 11764 ] [ 0.945800, 0.014200, -0.117100, -0.302700 ] [ 0.525700, -0.648000, -0.457100, 0.308000 ]
[ 11867 ] [ 0.945800, 0.014200, -0.117100, -0.302700 ] [ 0.525700, -0.648000, -0.457100, 0.308000 ]
[ 11973 ] [ 0.945800, 0.014200, -0.117100, -0.302700 ] [ 0.525700, -0.648000, -0.457100, 0.308000 ]
[ 12066 ] [ 0.945800, 0.014200, -0.117100, -0.302700 ] [ 0.525700, -0.648000, -0.457100, 0.308000 ]
[ 12174 ] [ 0.944000, 0.013600, -0.116100, -0.308500 ] [ 0.055300, -0.813100, -0.579500, 0.004900 ]
[ 12268 ] [ 0.944000, 0.013600, -0.116100, -0.308500 ] [ 0.055300, -0.813100, -0.579500, 0.004900 ]
[ 12366 ] [ 0.944000, 0.013600, -0.116100, -0.308500 ] [ 0.055300, -0.813100, -0.579500, 0.004900 ]
[ 12465 ] [ 0.944000, 0.013600, -0.116100, -0.308500 ] [ 0.055300, -0.813100, -0.579500, 0.004900 ]
[ 12570 ] [ 0.942600, 0.012900, -0.116500, -0.312600 ] [ 0.055600, -0.807600, -0.587200, -0.002600 ]
[ 12666 ] [ 0.942600, 0.012900, -0.116500, -0.312600 ] [ 0.055600, -0.807600, -0.587200, -0.002600 ]
[ 12766 ] [ 0.942600, 0.012900, -0.116500, -0.312600 ] [ 0.055600, -0.807600, -0.587200, -0.002600 ]
[ 12866 ] [ 0.941800, 0.012600, -0.116700, -0.315000 ] [ 0.052600, -0.806400, -0.589000, -0.002800 ]
[ 12964 ] [ 0.941800, 0.012600, -0.116700, -0.315000 ] [ 0.052600, -0.806400, -0.589000, -0.002800 ]
[ 13073 ] [ 0.941800, 0.012600, -0.116700, -0.315000 ] [ 0.052600, -0.806400, -0.589000, -0.002800 ]
[ 13172 ] [ 0.939800, 0.011800, -0.116800, -0.320900 ] [ 0.051700, -0.805400, -0.590400, -0.004300 ]
[ 13265 ] [ 0.939800, 0.011800, -0.116800, -0.320900 ] [ 0.051700, -0.805400, -0.590400, -0.004300 ]
[ 13363 ] [ 0.939800, 0.011800, -0.116800, -0.320900 ] [ 0.051700, -0.805400, -0.590400, -0.004300 ]
[ 13462 ] [ 0.939800, 0.011800, -0.116800, -0.320900 ] [ 0.051700, -0.805400, -0.590400, -0.004300 ]
