4.717580148939184
4.900514381571413
4.627966020268343
4.864530587459079
4.514625967765745
5.067002569706927
4.460382614766343
4.603768421544257
4.286560579318785
4.722388468148697
5.159659163079049
4.691794379305593
4.948038931645232
4.946953519218816
4.912827966268975
4.4886003272906105
4.295821798439962
4.57935138560459
4.510448153897015
3.9535677881791162
4.911737894542083
4.912920225144443
4.341043051540728
4.413436070902373
4.3763878316135605
4.5099403010159405
4.438429191657366
4.772878918535386
4.362380379525565
4.238427410747368
4.037786675079345
4.63015275198355
3.637565776378357
4.85414985481539
4.238665518762419
4.293220249719593
3.979420705404867
4.479723002920314
4.199832225892907
4.6123007652869505
5.138520301690411
4.532742328500158
4.392536245736928
4.986376294054921
3.7835333802262694
4.165819294280287
4.230772683238986
3.9830288273875873
4.051091998761143
4.2806383717489425
4.607796514466078
5.006235036076873
4.100903314707788
4.172350901005794
4.38452229068256
4.952767667332784
4.800397118838182
4.323731785983931
4.350880718843646
4.805517370363183
4.747842999729149
4.732833823730434
4.8193198831215796
4.356665763831382
4.662659924601847
4.442032999519922
4.651935975648524
4.8690371793574565
4.3657356835973244
4.394771511854467
4.4716090728119795
4.465597590067153
4.9377162705692275
4.239680417668126
4.445638322007383
5.113140898995808
4.909630203831761
4.697730629365174
4.750753558103124
4.933225486934944
4.690740964005748
4.972236994521527
5.067661711382106
4.629830699401494
4.298921417894767
4.596482501182454
4.620807914994098
4.616784443656587
5.086316890626299
5.073021469428378
5.25269529647765
4.759311001763469
5.476763465937585
4.448871729718164
5.194565256157222
5.125965934271715
4.90010800329516
5.290403254274592
4.734226529342431
5.132526904061301
5.1992079074126645
5.485659562544803
5.191584451392259
5.195265363735558
4.86310788020334
5.110446662734635
5.236746217717096
5.187372497273265
5.471980184094363
4.68535773041276
4.875200907401093
5.266265107733703
5.325864836678382
5.749008287079098
4.968569150646385
5.308009701626726
5.303230914819696
6.115201056673935
5.585610192859108
5.021634315239772
5.173883649256136
5.62853844253112
5.26985286460316
5.15131999621589
5.499916551471448
5.382605995250645
5.541873620907024
5.758643238978015
5.388951913256286
5.996156642795666
5.792274442096463
5.8647163552869
5.575342946636457
5.617794732979342
5.356073514441631
5.377476649581847
5.88231609973837
6.058969008962646
5.650257924717806
5.563386088660488
5.977930532040354
5.822032850777493
5.459442077097421
5.59985939807399
6.275541190619592
6.332592824634769
6.160504527075879
6.189633760300761
5.783219973092361
6.233324087502301
5.734931000539182
6.103208332832148
6.3401183930158895
6.583208235040327
5.938811589261077
6.045249220152926
6.355821569325274
5.845706067672876
6.198582927830403
6.328331417171664
6.369451150101761
6.139168217315553
6.467166487875683
6.273709131629383
5.6718147548179205
6.123996845059207
6.308995556009953
6.1201971720614585
6.138289927772579
5.928261547380305
6.8884478048198705
6.361048894237143
5.968571872563333
6.131291016839045
6.498756175501416
6.639695672150238
6.201238100180597
6.944886192138373
6.657734183651102
6.581993543068254
6.187399225820374
6.670560003103103
7.07094933336385
6.57644105893785
6.868965987827145
6.476067245165627
7.051576069578835
6.442396088844562
6.880175950670448
6.598365600582271
6.338170373429294
6.727144084370006
6.6271407729109875
6.7641146766555496
7.023682486317141
6.728242328946298
7.213247055335149
6.713732576722537
7.122663084644524
6.67413568259412
7.166417763214057
6.753322308188536
6.5777541892410465
7.112038971050984
7.141619561599233
6.910112354154554
7.007385787724104
7.019659073192985
7.408134084244149
7.289359631989661
7.1059914637058395
7.1076462581524105
7.252977389792095
6.9958147385344045
7.0514547168674815
7.084927785634539
7.116625851011133
7.5039509600421725
6.9328652196802665
6.976035470399339
7.393396850682876
7.216091498247879
6.852126975377241
7.305353695601043
6.755345045026123
7.336764138442512
7.6950723925000775
7.07047808310318
6.5236430939311125
7.79175866072813
7.1289883276514585
7.203661536354642
7.015115357048953
7.535545964423321
7.249763860270022
7.201345160725
7.851629480541821
7.088813221986415
7.0624211186130585
7.166703895833357
7.398348306324059
7.508288050590473
6.9010406356270115
7.782135567562598
7.154691944662087
7.628551590495939
7.4529288714336905
7.667179328265367
7.152016241993814
6.972526175639498
7.097552900357009
7.5838753800440815
7.119558476157528
7.338423189976525
7.422460282224858
7.429461009944213
7.039980144903308
7.118877150073726
6.990915467425429
7.910141777299491
7.467423604855589
7.410526529992791
7.321080972817973
7.341370149295365
7.453783335444666
7.661739312008111
7.116284430762704
7.04188744007084
7.60347659765076
7.527430650240477
7.152779130670788
7.580150700915385
7.3901954228103985
7.751153052063504
7.590869571060276
7.354449950694434
7.367644141549307
7.496601481809925
7.859118460967324
7.983098625441501
7.565778383880567
7.254352953151251
7.011256346864461
7.660496538025782
7.375274396951883
7.725591188752659
7.735168878375348
7.035470041007187
7.921604748240662
7.4525494489957245
7.603165864819995
7.540426429696723
7.393334611591067
7.419571538352231
7.1906725500152175
7.403957146050613
7.302013361041014
7.479121866864079
7.7744938152662915
7.72380710405176
6.954706924630878
7.46545855756081
7.58671923277604
7.39830195268156
7.647165443051908
7.891357983150767
7.78445036835227
7.406617402341507
7.845505309062254
7.381804328525792
7.7802778236382055
7.828530424657379
7.615180023870856
7.1890160100064895
7.0546191710397865
7.257894010597926
7.832091108263681
7.4512088021048015
7.468930418182699
7.241107259316577
7.288335047276638
7.210106516671114
7.462959462001536
7.69085047852848
7.246813320466864
7.364095387867534
7.77269034713838
7.193862154757087
7.241735731612006
7.278030924528465
7.196495372987733
7.347364608543583
7.536881825297637
7.263179056622731
7.569715671850459
7.3414877295517735
7.027535332410475
7.31992182855603
7.205562802032645
7.206242941033291
7.109817828019677
7.412129279174651
7.260979611974279
7.344249338145589
7.0572754653403535
6.566454377740275
6.538340939181153
7.058970407981146
7.457338318089418
6.775439485371401
7.018418321899216
7.06837029162825
7.055194503577541
6.785074753412378
6.7548346611004
7.315811560306051
7.169499278487754
6.992798004957175
7.0486272972714055
6.970123913471475
6.91765394639659
6.187889626031365
6.988863972828299
6.91811442035062
7.244123996112955
6.869132775074557
6.921149001360008
6.951529127886491
6.436626020388028
6.683861139254916
6.74811737401257
6.608832528534071
6.856064444828997
6.852822119791075
6.027971219319241
6.903229635910956
6.8335034855841466
7.157811654406809
6.838561472582908
6.012973429335836
7.072642200854872
6.616372023953166
6.761212692006648
6.702587170615018
6.388284926502415
6.71955353290231
6.672943325954646
7.286880136558736
6.699339912518506
6.751765728441164
5.881535020458894
6.476334436012836
6.784709480040098
6.1397085190176774
6.496625015781925
7.000823704188942
6.6134503348704134
6.060785848536258
6.889172698602776
6.1168133487433725
6.198102235736653
6.299910512178816
6.4469949889544695
6.729735271319944
6.61438861942031
6.66422282922448
6.286175856495145
6.0730140668524335
6.791429495780752
6.131279292548035
5.908679949157506
6.185221227604118
6.492734648005763
6.659682768603476
6.068525623224056
5.86188699019765
5.440411636867
6.208785350935903
5.93113298460111
5.730513963913319
5.535633300945856
6.212077622269182
6.568796412012578
5.86738857238097
5.9518912141428455
6.487414613836117
6.206803150755319
6.250488553293948
6.225686749816479
6.150451646143328
5.540522326438448
5.52728558592246
5.835633514693099
5.8195181439616634
5.643880857624569
5.808238250107732
5.829395692051231
5.079610962198356
5.85332890729213
6.104917703164145
5.825065147728025
5.557644789435522
5.690225153517176
5.724325015151407
5.7934805627553185
5.368301948092132
5.873440137367713
6.146415909932084
5.605610954110301
5.868510341813029
6.058089520802824
5.673775435248299
5.505341714098064
6.19504246659047
5.678349058462594
5.515004879820019
5.793865732364225
5.676570593179694
5.3601187715930125
5.458412965469861
5.252891857860336
4.881476325695314
5.683979159713919
5.554669393545658
5.652563716068982
4.949177538579516
6.06064950684921
5.572531938182707
5.717811043124275
5.406712611118904
5.824193433875177
5.634489576361812
4.89687864821896
5.421400131025595
5.32732750028019
4.971334845345502
5.163655652386167
5.524227036911146
4.798436967208868
5.1775674637052855
5.980205006818368
5.329683161437052
5.099862299262205
4.666827767165641
5.327118140168594
5.194090526289956
4.957389964527828
4.865052948120308
5.307034601443469
4.820701759638561
4.889119684427837
4.571172749804993
4.56849640787387
4.6151976876410075
4.944551656349606
5.427167454890051
4.8412349619260056
4.932268963183565
5.0396303540453
5.446615012311358
4.051233581808984
4.969949855843152
5.14740775076999
4.761677622513529
5.276877579425006
4.593534397195872
5.16168525841907
4.744334042698305
4.620153158991915
4.843059929618261
4.902218680747958
5.55781805923897
5.086973117119815
4.461234736022936
4.732378287947005
4.80836692405011
5.178446536562986
5.490465197630382
5.290680273453727
4.950800917952203
4.903906007433663
4.445207827119361
4.983435788682757
4.933059044849525
4.306156774918432
4.848068763714431
5.296973820147484
4.773167421046118
4.318047476978986
5.025481879147955
3.9248333216181885
4.8639890622909245
4.353411391383782
4.641116374479438
4.37039042349903
4.535973154352971
4.879576296057315
4.621819586674123
4.97096353673989
4.95529642360889
4.860848188639599
4.634895960558769
4.947929003573895
4.941154711609431
4.805740560304331
4.968404010905992
5.181565255468059
4.485904437448468
4.9292042717077695
4.637492621076049
4.339191041782922
5.170454047536773
5.154129084364433
4.210916657838399
4.617507288390463
4.968124309574379
4.851562701049688
4.460638782061158
5.0472302750459495
4.4525812385007555
4.64568391344035
4.6769949290042065
5.172160465677863
4.328711312573512
5.025408383313451
4.507923846024985
4.719810730095189
4.591045549905898
4.356313213920661
4.7189629179489705
5.1553629435877415
4.505900328501322
4.5767310885967305
4.741518857724685
4.46560784282535
4.948744847763206
4.485559531630257
4.885078933464685
4.166924225328409
5.049785354525506
4.296296169458268
4.813212312146011
4.58880762033318
4.759817012828086
4.759116400459668
5.084315680400524
4.704904701935412
4.562255220029611
4.715762283668358
4.582068571274284
4.565356456067711
4.442207313725184
5.330492597391204
4.84624861816781
4.742960684635263
5.337704081049341
4.964406641959959
4.407259331648694
5.614363573112002
4.459950537648795
5.115267696218565
5.0198139931258074
4.750362102131317
5.069587223639427
4.926469877303517
4.837195606027989
4.672089372389145
4.98558713637225
5.265266060724802
5.020429790063896
5.1344160993522
5.466012042876521
5.509204223308307
5.243999731895596
5.511393754544538
5.1771421873918
5.381220657906476
4.9979334913576015
5.628950283856215
5.596632413372956
5.536519307765244
5.821770520126025
4.602647606997561
5.735508785799155
5.63802877298438
5.126573813546318
5.640304729818262
5.680692566505214
5.330009533015388
5.548195512603989
5.856748154703446
5.98911915309155
5.569332303980838
5.673138632772721
6.337445029448077
5.666054268253397
5.3769144955555435
5.688983132179693
6.012208510405424
5.5912358071296575
5.641396378720819
5.758633218834577
5.181405417265151
5.705831164386721
5.89023227834236
5.432853713146761
6.058010017370659
5.711098823516246
5.555597121058483
5.7414754278483064
6.1659050723302204
5.785060850628742
5.285857968328893
5.854458337025756
5.937982496344774
6.144422016193921
6.1207837125637425
6.511757322185783
6.279280914344379
6.218622475741101
6.190523629613648
6.575390878698765
5.87288440080379
5.822747937423193
6.6688651931847955
6.401350313071064
6.084932275677605
6.725521818181383
6.54047462822529
6.763514014229293
6.308928319563044
6.180144706762701
6.5944402230551
5.83530509350482
7.47396710205669
5.9685470925872925
6.7849142022908495
6.059160003089575
7.231532726343326
6.544935883804624
6.668581134431179
6.355827412212442
6.762808256403055
7.099030802731456
6.968129335506577
6.547800480781632
6.679471400361525
6.326756932209815
6.992745703095885
7.036973720342903
7.083388157654218
7.408407743836419
6.61782680432339
6.738815685533467
7.300292593687795
7.304296194554035
7.639120348866552
7.74922972520341
7.1628769180988625
7.1307045545643595
6.964012198281303
8.068615408585684
7.772450891501137
7.147865107037714
7.506839097089689
7.577282006976285
7.398674570046609
7.39594345208385
7.4423146915440315
7.34242137274638
6.896267020736893
7.86057305073003
7.562885670170793
8.147263950649881
7.986955491490418
7.7933519696378655
8.511366391853896
7.447137000575052
8.151817645536672
8.128440694644622
8.58745998873599
8.031291505197228
8.04935563705112
8.584906378827462
8.418960481913407
7.922959445615337
8.529580246834652
7.977454646727179
8.326047633232951
8.131379092707164
8.268938012371594
8.167592154477099
8.652749585594897
9.289946542407034
8.608846345088523
8.484063245588317
8.656953419642594
8.933762084515493
8.405674133096715
8.481716952286137
8.5288813985779
8.799790032953492
9.20397285982163
8.945225266912644
9.219259183085807
9.058995416070065
9.465689381970982
9.451441818241763
9.261830211260074
9.084313689006454
9.202066002914185
9.526566555984722
9.659939235276726
9.096146699209317
9.692344472363562
9.257099517748212
9.391781156578205
9.308780417894463
9.92424078929655
9.852138758598556
9.885369372690416
9.634376411905512
10.233029378480675
9.474419494443072
9.664272476345417
10.071422978478376
9.504903889729894
10.42971354578848
10.261044911725662
10.027556778315665
10.021381723787146
10.0343381982588
10.51296439861613
10.109654261504767
10.549538631678606
10.087210902828073
10.486878357436163
11.20518571409223
11.099008951378666
10.897213512267363
10.576078136608547
10.187029686067339
10.35246844870988
11.028021525069969
10.364355932988518
11.150123684323185
10.73618040656026
10.933090811157545
10.122671348192236
10.94414523415769
10.144668239981518
10.298916004818883
11.184151568445891
10.594332883504748
10.422759369787453
10.950579665167298
10.572466118908686
10.633790228775034
11.178222511438545
10.443038590764903
11.235134602204926
11.044911035795927
10.865367960424722
11.481713571306747
10.877569201735158
11.230030911089237
11.920780613925515
11.605581600080876
11.023495608241515
11.086762245954562
11.409980002844106
11.13256355164504
11.105421915055242
11.347753506916565
11.571804731953344
11.831435342127758
11.353589530295727
11.425982245938334
11.900070795747627
11.91581841545109
11.921538591696281
11.595346429741682
11.5779009531923
11.474099723149385
11.42051365048977
11.80163936300961
11.814713732161694
11.97718992492499
11.627821919137128
12.29995418694603
12.175283801922104
12.610752110679257
11.946342187088408
11.477187883881438
12.609169311206184
12.336600032917298
12.067614422809413
12.011595338884225
12.424603384509885
12.493741990876702
12.121965032073398
12.127236231270631
11.785082693789352
12.087557679602638
12.099868204451392
12.158352113846243
12.53184194934794
11.906203463917612
12.133907685267397
12.541912284742029
12.198296000240436
12.471506501679594
11.993365049966677
12.090038309006049
12.209411678221839
12.236859033987553
12.448445647948136
12.171310489630814
11.974589241775455
12.157817673270246
12.021183860709124
12.188760027190629
12.666149612232907
12.097277521542807
12.662867073924511
12.578147219314316
12.322095181818831
12.065120614601254
12.036242190994457
12.334393249472212
12.054033292197104
12.662574445544271
12.331572560180224
12.777424064186746
12.718931319332698
12.08092761297235
12.747596497954344
12.286743418224424
12.132176259764199
12.574355035197392
12.435119777354808
12.468529298572426
11.945487626266544
12.14246566951114
12.524064860919722
12.049999988147128
12.816090565438422
11.954612757981096
12.552123485085495
12.516420716402147
11.8696637745816
12.212736695019299
12.218366082840049
12.056894972957158
11.911261527154586
11.582792777177268
11.857531638502028
11.744000631557041
12.060791956074665
12.031894496975392
11.784732850779593
11.419023957780345
12.419356153563346
12.07784378997119
11.766311757712057
12.207200915292692
11.298242454808356
11.177303241071549
11.606832183464228
11.362136223182734
11.531367659774238
11.392046039737908
11.147232644480335
11.380197215178551
12.098486967575493
12.002047769313037
11.392157510163573
11.370092023223156
11.153052270862753
11.302114535538989
10.000076331128867
11.10112788351774
10.740232010071727
11.057796133266693
10.949424001542393
10.51378573057032
10.634224916845826
10.525200052618747
10.381189331315776
10.95994157946516
10.520539682945538
10.372358710799299
10.434822432162576
10.027797551483223
9.943070240687959
9.897876060573488
10.360691897579333
9.727964606962816
9.444317380985881
9.15820025666234
9.798689648562698
9.335954177050045
9.213896416446424
9.58239410915114
9.535540585987961
9.245252414911816
9.543194546672957
8.922351077516073
8.726180180519474
8.958682819550104
9.111817433222702
8.27179074597872
8.951116770379688
8.269440030046614
8.117513468009678
8.627765521804935
8.210452199618231
7.859976054622712
8.006074696371853
8.003607031616784
8.001067213322225
7.8023643079081175
7.486957991243455
6.935736857958624
7.312301901284756
6.602980858497119
7.162924559381434
6.533037280194788
6.87024167366208
6.539288440841846
5.980400403386059
6.365155365807669
5.942616618779936
5.844664428862053
5.867463288442472
5.887323476898249
5.738850954862298
5.540878387039234
5.415783499340251
4.907420545388182
4.684054223511525
5.163115041826702
3.8475856260984322
5.027779499299527
4.110659860973331
4.259298212203962
3.6730271779458445
3.85037856537024
3.561620829185148
2.867328335284229
2.8639181849872286
3.03680481147798
3.042090333179136
2.495044613407955
2.2905962968867017
1.6610027427446632
2.2795659211274533
1.5462053766787507
1.5552597193966395
1.3820103678247093