[ 2123 ] [ 0.339600, 0.353000, 0.870900, -0.039100 ] [ 0.984200, 0.006700, -0.013600, -0.176200 ]
[ 2228 ] [ 0.339700, 0.353600, 0.870600, -0.039500 ] [ 0.983800, 0.006700, -0.013800, -0.178700 ]
[ 2305 ] [ 0.339700, 0.353700, 0.870600, -0.039600 ] [ 0.983700, 0.006700, -0.013800, -0.179300 ]
[ 2403 ] [ 0.339700, 0.354400, 0.870300, -0.039800 ] [ 0.983200, 0.006800, -0.013800, -0.181700 ]
[ 2517 ] [ 0.339700, 0.354600, 0.870200, -0.039800 ] [ 0.983100, 0.006800, -0.013700, -0.182300 ]
[ 2599 ] [ 0.339800, 0.354800, 0.870100, -0.039900 ] [ 0.983000, 0.006800, -0.013700, -0.182800 ]
[ 2690 ] [ 0.339600, 0.355500, 0.869900, -0.040100 ] [ 0.982600, 0.006800, -0.013800, -0.185200 ]
[ 2802 ] [ 0.339600, 0.355600, 0.869800, -0.040200 ] [ 0.982500, 0.006800, -0.013800, -0.185800 ]
[ 2896 ] [ 0.339500, 0.356300, 0.869600, -0.040400 ] [ 0.982000, 0.006700, -0.013700, -0.188200 ]
[ 2995 ] [ 0.339500, 0.356500, 0.869500, -0.040400 ] [ 0.981900, 0.006700, -0.013700, -0.188800 ]
[ 3105 ] [ 0.339500, 0.356700, 0.869400, -0.040500 ] [ 0.981800, 0.006800, -0.013600, -0.189400 ]
[ 3198 ] [ 0.339400, 0.357400, 0.869200, -0.040800 ] [ 0.981300, 0.010300, -0.012900, -0.191800 ]
[ 3290 ] [ 0.339400, 0.357500, 0.869100, -0.040800 ] [ 0.981200, 0.010100, -0.013000, -0.192400 ]
[ 3399 ] [ 0.339400, 0.357500, 0.869100, -0.040800 ] [ 0.981200, 0.010100, -0.013000, -0.192400 ]
[ 3496 ] [ 0.339400, 0.357500, 0.869100, -0.040800 ] [ 0.981200, 0.010100, -0.013000, -0.192400 ]
[ 3591 ] [ 0.339400, 0.357700, 0.869000, -0.041000 ] [ 0.981100, 0.009700, -0.013200, -0.192900 ]
[ 3701 ] [ 0.339400, 0.357700, 0.869000, -0.041000 ] [ 0.981100, 0.009700, -0.013200, -0.192900 ]
[ 3796 ] [ 0.339500, 0.358400, 0.868700, -0.041100 ] [ 0.980600, 0.008700, -0.013400, -0.195300 ]
[ 3896 ] [ 0.339500, 0.358400, 0.868700, -0.041100 ] [ 0.980600, 0.008700, -0.013400, -0.195300 ]
[ 3997 ] [ 0.339500, 0.358500, 0.868600, -0.041100 ] [ 0.980500, 0.008400, -0.013400, -0.195900 ]
[ 4079 ] [ 0.339500, 0.358500, 0.868600, -0.041100 ] [ 0.980500, 0.008400, -0.013400, -0.195900 ]
[ 4188 ] [ 0.339500, 0.358500, 0.868600, -0.041100 ] [ 0.980500, 0.008400, -0.013400, -0.195900 ]
[ 4309 ] [ 0.339500, 0.359200, 0.868300, -0.041400 ] [ 0.980000, 0.007900, -0.013700, -0.198300 ]
[ 4395 ] [ 0.339500, 0.359200, 0.868300, -0.041400 ] [ 0.980000, 0.007900, -0.013700, -0.198300 ]
[ 4482 ] [ 0.339500, 0.359400, 0.868300, -0.041400 ] [ 0.979900, 0.007700, -0.013700, -0.198900 ]
[ 4602 ] [ 0.339500, 0.359400, 0.868300, -0.041400 ] [ 0.979900, 0.007700, -0.013700, -0.198900 ]
[ 4689 ] [ 0.339400, 0.359500, 0.868200, -0.041500 ] [ 0.979800, 0.007500, -0.013800, -0.199500 ]
[ 4799 ] [ 0.339400, 0.359500, 0.868200, -0.041500 ] [ 0.979800, 0.007500, -0.013800, -0.199500 ]
[ 4879 ] [ 0.339400, 0.359500, 0.868200, -0.041500 ] [ 0.979800, 0.007500, -0.013800, -0.199500 ]
[ 4991 ] [ 0.339400, 0.360200, 0.868000, -0.041800 ] [ 0.979300, 0.007200, -0.013800, -0.201900 ]
[ 5101 ] [ 0.339400, 0.360200, 0.868000, -0.041800 ] [ 0.979300, 0.007200, -0.013800, -0.201900 ]
[ 5191 ] [ 0.339300, 0.360300, 0.867900, -0.041900 ] [ 0.979200, 0.007100, -0.013800, -0.202500 ]
[ 5299 ] [ 0.339300, 0.360300, 0.867900, -0.041900 ] [ 0.979200, 0.007100, -0.013800, -0.202500 ]
[ 5379 ] [ 0.339300, 0.360300, 0.867900, -0.041900 ] [ 0.979200, 0.007100, -0.013800, -0.202500 ]
[ 5505 ] [ 0.339400, 0.360900, 0.867600, -0.042200 ] [ 0.978700, 0.007000, -0.013800, -0.204900 ]
[ 5609 ] [ 0.339400, 0.360900, 0.867600, -0.042200 ] [ 0.978700, 0.007000, -0.013800, -0.204900 ]
[ 5696 ] [ 0.339400, 0.360900, 0.867600, -0.042200 ] [ 0.978700, 0.007000, -0.013800, -0.204900 ]
[ 5795 ] [ 0.339300, 0.361100, 0.867600, -0.042300 ] [ 0.978500, 0.007100, -0.013800, -0.205500 ]
[ 5879 ] [ 0.339300, 0.361100, 0.867600, -0.042300 ] [ 0.978500, 0.007100, -0.013800, -0.205500 ]
[ 5999 ] [ 0.339100, 0.361600, 0.867400, -0.042400 ] [ 0.978400, 0.007100, -0.013800, -0.206000 ]
[ 6095 ] [ 0.339100, 0.361600, 0.867400, -0.042400 ] [ 0.978400, 0.007100, -0.013800, -0.206000 ]
[ 6179 ] [ 0.339100, 0.361600, 0.867400, -0.042400 ] [ 0.978400, 0.007100, -0.013800, -0.206000 ]
[ 6310 ] [ 0.339200, 0.361600, 0.867400, -0.042500 ] [ 0.977900, 0.006800, -0.013700, -0.208400 ]
[ 6395 ] [ 0.339200, 0.361600, 0.867400, -0.042500 ] [ 0.977900, 0.006800, -0.013700, -0.208400 ]
[ 6489 ] [ 0.339200, 0.362300, 0.867100, -0.042700 ] [ 0.977800, 0.006700, -0.013700, -0.209000 ]
[ 6609 ] [ 0.339200, 0.362300, 0.867100, -0.042700 ] [ 0.977800, 0.006700, -0.013700, -0.209000 ]
[ 6702 ] [ 0.339200, 0.362500, 0.867000, -0.042800 ] [ 0.977700, 0.006300, -0.013500, -0.209700 ]
[ 6796 ] [ 0.339200, 0.362500, 0.867000, -0.042800 ] [ 0.977700, 0.006300, -0.013500, -0.209700 ]
[ 6895 ] [ 0.339200, 0.362500, 0.867000, -0.042800 ] [ 0.977700, 0.006300, -0.013500, -0.209700 ]
[ 6989 ] [ 0.339100, 0.362700, 0.867000, -0.042900 ] [ 0.977100, 0.009900, -0.012800, -0.212100 ]
[ 7099 ] [ 0.339100, 0.362700, 0.867000, -0.042900 ] [ 0.977100, 0.009900, -0.012800, -0.212100 ]
[ 7182 ] [ 0.275900, 0.351900, 0.893600, -0.038400 ] [ 0.977000, 0.009700, -0.012800, -0.212600 ]
[ 7299 ] [ 0.275900, 0.351900, 0.893600, -0.038400 ] [ 0.977000, 0.009700, -0.012800, -0.212600 ]
[ 7397 ] [ 0.275900, 0.351900, 0.893600, -0.038400 ] [ 0.977000, 0.009700, -0.012800, -0.212600 ]
[ 7496 ] [ 0.054000, 0.333900, 0.941000, -0.007700 ] [ 0.976500, 0.008700, -0.013000, -0.215000 ]
[ 7594 ] [ 0.054000, 0.333900, 0.941000, -0.007700 ] [ 0.976500, 0.008700, -0.013000, -0.215000 ]
[ 7691 ] [ -0.003800, 0.321700, 0.946600, -0.022500 ] [ 0.976400, 0.008400, -0.013000, -0.215600 ]
[ 7802 ] [ -0.003800, 0.321700, 0.946600, -0.022500 ] [ 0.976400, 0.008400, -0.013000, -0.215600 ]
[ 7890 ] [ -0.055300, 0.318500, 0.946000, -0.024100 ] [ 0.976200, 0.008200, -0.013100, -0.216200 ]
[ 8000 ] [ -0.055300, 0.318500, 0.946000, -0.024100 ] [ 0.976200, 0.008200, -0.013100, -0.216200 ]
[ 8097 ] [ -0.055300, 0.318500, 0.946000, -0.024100 ] [ 0.976200, 0.008200, -0.013100, -0.216200 ]
[ 8196 ] [ -0.252000, 0.277600, 0.926100, -0.042800 ] [ 0.975700, 0.007600, -0.013300, -0.218600 ]
[ 8295 ] [ -0.252000, 0.277600, 0.926100, -0.042800 ] [ 0.975700, 0.007600, -0.013300, -0.218600 ]
[ 8379 ] [ -0.252000, 0.277600, 0.926100, -0.042800 ] [ 0.975700, 0.007600, -0.013300, -0.218600 ]
[ 8506 ] [ -0.228300, 0.283500, 0.930400, -0.042800 ] [ 0.975600, 0.007500, -0.013200, -0.219200 ]
[ 8595 ] [ -0.228300, 0.283500, 0.930400, -0.042800 ] [ 0.975600, 0.007500, -0.013200, -0.219200 ]
[ 8688 ] [ 0.147400, 0.323000, 0.930400, 0.090900 ] [ 0.975000, 0.007200, -0.013300, -0.221600 ]
[ 8808 ] [ 0.147400, 0.323000, 0.930400, 0.090900 ] [ 0.975000, 0.007200, -0.013300, -0.221600 ]
[ 8896 ] [ 0.147400, 0.323000, 0.930400, 0.090900 ] [ 0.975000, 0.007200, -0.013300, -0.221600 ]
[ 8996 ] [ 0.148600, 0.329100, 0.921600, 0.142100 ] [ 0.974900, 0.007100, -0.013300, -0.222100 ]
[ 9079 ] [ 0.148600, 0.329100, 0.921600, 0.142100 ] [ 0.974900, 0.007100, -0.013300, -0.222100 ]
[ 9201 ] [ 0.142400, 0.360700, 0.888700, 0.244500 ] [ 0.974500, 0.007000, -0.013400, -0.223700 ]
[ 9278 ] [ 0.142400, 0.360700, 0.888700, 0.244500 ] [ 0.974500, 0.007000, -0.013400, -0.223700 ]
[ 9403 ] [ 0.142400, 0.360700, 0.888700, 0.244500 ] [ 0.974500, 0.007000, -0.013400, -0.223700 ]
[ 9497 ] [ 0.245800, 0.355600, 0.626000, 0.649000 ] [ 0.974400, 0.007100, -0.013300, -0.224300 ]
[ 9608 ] [ 0.245800, 0.355600, 0.626000, 0.649000 ] [ 0.974400, 0.007100, -0.013300, -0.224300 ]
[ 9689 ] [ 0.266700, 0.350400, 0.569000, 0.694500 ] [ 0.973900, 0.006800, -0.013400, -0.226600 ]
[ 9799 ] [ 0.266700, 0.350400, 0.569000, 0.694500 ] [ 0.973900, 0.006800, -0.013400, -0.226600 ]
[ 9881 ] [ 0.286100, 0.336600, 0.525900, 0.726800 ] [ 0.973700, 0.006700, -0.013400, -0.227200 ]
[ 10003 ] [ 0.286100, 0.336600, 0.525900, 0.726800 ] [ 0.973700, 0.006700, -0.013400, -0.227200 ]
[ 10096 ] [ 0.286100, 0.336600, 0.525900, 0.726800 ] [ 0.973700, 0.006700, -0.013400, -0.227200 ]
[ 10196 ] [ 0.267500, 0.388700, 0.569000, 0.673500 ] [ 0.973600, 0.006700, -0.013500, -0.227700 ]
[ 10279 ] [ 0.267500, 0.388700, 0.569000, 0.673500 ] [ 0.973600, 0.006700, -0.013500, -0.227700 ]
[ 10401 ] [ 0.166600, 0.447900, 0.703900, 0.525500 ] [ 0.976100, 0.006500, -0.012000, -0.216800 ]
[ 10494 ] [ 0.166600, 0.447900, 0.703900, 0.525500 ] [ 0.976100, 0.006500, -0.012000, -0.216800 ]
[ 10588 ] [ 0.166600, 0.447900, 0.703900, 0.525500 ] [ 0.976100, 0.006500, -0.012000, -0.216800 ]
[ 10679 ] [ -0.138500, 0.492400, 0.853200, -0.102400 ] [ 0.984100, 0.007200, -0.012800, -0.177200 ]
[ 10799 ] [ -0.138500, 0.492400, 0.853200, -0.102400 ] [ 0.984100, 0.007200, -0.012800, -0.177200 ]
[ 10895 ] [ -0.138500, 0.492400, 0.853200, -0.102400 ] [ 0.984100, 0.007200, -0.012800, -0.177200 ]
[ 10979 ] [ -0.203600, 0.475100, 0.841100, -0.159500 ] [ 0.990700, 0.006500, -0.012600, -0.135300 ]
[ 11099 ] [ -0.261100, 0.457400, 0.823600, -0.210500 ] [ 0.990600, 0.006500, -0.012800, -0.135900 ]
[ 11195 ] [ -0.261100, 0.457400, 0.823600, -0.210500 ] [ 0.990600, 0.006500, -0.012800, -0.135900 ]
[ 11295 ] [ -0.261100, 0.457400, 0.823600, -0.210500 ] [ 0.990600, 0.006500, -0.012800, -0.135900 ]
[ 11389 ] [ -0.624100, 0.398200, 0.672300, -0.006900 ] [ 0.991400, 0.006600, -0.012600, -0.130400 ]
[ 11499 ] [ -0.624100, 0.398200, 0.672300, -0.006900 ] [ 0.991400, 0.006600, -0.012600, -0.130400 ]
[ 11597 ] [ -0.624100, 0.398200, 0.672300, -0.006900 ] [ 0.991400, 0.006600, -0.012600, -0.130400 ]
[ 11696 ] [ -0.701400, 0.322400, 0.635300, -0.022600 ] [ 0.991000, 0.006800, -0.012800, -0.132800 ]
[ 11795 ] [ -0.701400, 0.322400, 0.635300, -0.022600 ] [ 0.991000, 0.006800, -0.012800, -0.132800 ]
[ 11890 ] [ -0.845200, 0.063400, 0.526500, -0.066200 ] [ 0.991000, 0.006900, -0.012800, -0.133300 ]
[ 11999 ] [ -0.845200, 0.063400, 0.526500, -0.066200 ] [ 0.991000, 0.006900, -0.012800, -0.133300 ]
[ 12096 ] [ -0.769800, 0.198300, 0.606200, -0.024800 ] [ 0.990900, 0.007000, -0.012800, -0.133900 ]
[ 12179 ] [ -0.769800, 0.198300, 0.606200, -0.024800 ] [ 0.990900, 0.007000, -0.012800, -0.133900 ]
[ 12288 ] [ -0.769800, 0.198300, 0.606200, -0.024800 ] [ 0.990900, 0.007000, -0.012800, -0.133900 ]
[ 12402 ] [ -0.651600, 0.293600, 0.698400, 0.038800 ] [ 0.989300, 0.007100, -0.013100, -0.145200 ]
[ 12495 ] [ -0.651600, 0.293600, 0.698400, 0.038800 ] [ 0.989300, 0.007100, -0.013100, -0.145200 ]
[ 12590 ] [ -0.027000, 0.328600, 0.942400, -0.056800 ] [ 0.988700, 0.007500, -0.013200, -0.148900 ]
[ 12700 ] [ -0.027000, 0.328600, 0.942400, -0.056800 ] [ 0.988700, 0.007500, -0.013200, -0.148900 ]
[ 12779 ] [ -0.027000, 0.328600, 0.942400, -0.056800 ] [ 0.988700, 0.007500, -0.013200, -0.148900 ]
[ 12900 ] [ 0.074500, 0.312000, 0.945200, -0.061800 ] [ 0.980900, 0.009500, -0.014000, -0.193600 ]
[ 12996 ] [ 0.074500, 0.312000, 0.945200, -0.061800 ] [ 0.980900, 0.009500, -0.014000, -0.193600 ]
[ 13089 ] [ 0.157000, 0.303200, 0.938900, -0.042900 ] [ 0.980800, 0.009300, -0.014000, -0.194200 ]
[ 13199 ] [ 0.157000, 0.303200, 0.938900, -0.042900 ] [ 0.980800, 0.009300, -0.014000, -0.194200 ]
[ 13295 ] [ 0.157000, 0.303200, 0.938900, -0.042900 ] [ 0.980800, 0.009300, -0.014000, -0.194200 ]
[ 13396 ] [ 0.310800, 0.363000, 0.878300, -0.015500 ] [ 0.979900, 0.008700, -0.014000, -0.199000 ]
[ 13494 ] [ 0.310800, 0.363000, 0.878300, -0.015500 ] [ 0.979900, 0.008700, -0.014000, -0.199000 ]
[ 13589 ] [ 0.214000, 0.429000, 0.875500, -0.060000 ] [ 0.979700, 0.008500, -0.014000, -0.199600 ]
[ 13699 ] [ 0.214000, 0.429000, 0.875500, -0.060000 ] [ 0.979700, 0.008500, -0.014000, -0.199600 ]
[ 13779 ] [ 0.214000, 0.429000, 0.875500, -0.060000 ] [ 0.979700, 0.008500, -0.014000, -0.199600 ]
[ 13900 ] [ 0.281700, 0.477000, 0.828900, 0.078200 ] [ 0.979700, 0.007900, -0.013700, -0.199900 ]
[ 13996 ] [ 0.281700, 0.477000, 0.828900, 0.078200 ] [ 0.979700, 0.007900, -0.013700, -0.199900 ]
[ 14090 ] [ 0.294700, 0.489100, 0.811200, 0.126000 ] [ 0.979600, 0.007900, -0.013800, -0.200400 ]
[ 14199 ] [ 0.294700, 0.489100, 0.811200, 0.126000 ] [ 0.979600, 0.007900, -0.013800, -0.200400 ]
[ 14296 ] [ 0.294000, 0.493900, 0.809900, 0.117000 ] [ 0.979500, 0.007800, -0.013800, -0.201000 ]
[ 14395 ] [ 0.294000, 0.493900, 0.809900, 0.117000 ] [ 0.979500, 0.007800, -0.013800, -0.201000 ]
[ 14479 ] [ 0.294000, 0.493900, 0.809900, 0.117000 ] [ 0.979500, 0.007800, -0.013800, -0.201000 ]
[ 14596 ] [ 0.305200, 0.501800, 0.800800, 0.117500 ] [ 0.980100, 0.006900, -0.013400, -0.197900 ]
[ 14678 ] [ 0.305200, 0.501800, 0.800800, 0.117500 ] [ 0.980100, 0.006900, -0.013400, -0.197900 ]
[ 14801 ] [ 0.307200, 0.503500, 0.799100, 0.116700 ] [ 0.979900, 0.006600, -0.013400, -0.198900 ]
[ 14895 ] [ 0.307200, 0.503500, 0.799100, 0.116700 ] [ 0.979900, 0.006600, -0.013400, -0.198900 ]
[ 14979 ] [ 0.307200, 0.503500, 0.799100, 0.116700 ] [ 0.979900, 0.006600, -0.013400, -0.198900 ]
[ 15101 ] [ 0.315400, 0.510600, 0.791600, 0.114600 ] [ 0.979200, 0.005700, -0.013900, -0.202200 ]
[ 15196 ] [ 0.315400, 0.510600, 0.791600, 0.114600 ] [ 0.979200, 0.005700, -0.013900, -0.202200 ]
[ 15295 ] [ 0.317200, 0.512500, 0.789800, 0.113400 ] [ 0.949300, -0.222500, 0.036300, -0.219000 ]
[ 15379 ] [ 0.317200, 0.512500, 0.789800, 0.113400 ] [ 0.949300, -0.222500, 0.036300, -0.219000 ]
[ 15488 ] [ 0.317200, 0.512500, 0.789800, 0.113400 ] [ 0.949300, -0.222500, 0.036300, -0.219000 ]
[ 15613 ] [ 0.318500, 0.514300, 0.788100, 0.113900 ] [ 0.884100, -0.408200, 0.074900, -0.214600 ]
[ 15707 ] [ 0.318500, 0.514300, 0.788100, 0.113900 ] [ 0.884100, -0.408200, 0.074900, -0.214600 ]
[ 15789 ] [ 0.324000, 0.525400, 0.778800, 0.111200 ] [ 0.848700, -0.478000, 0.093300, -0.206100 ]
[ 15900 ] [ 0.324000, 0.525400, 0.778800, 0.111200 ] [ 0.848700, -0.478000, 0.093300, -0.206100 ]
[ 15990 ] [ 0.325200, 0.527500, 0.777100, 0.110100 ] [ 0.823900, -0.519500, 0.107500, -0.199200 ]
[ 16099 ] [ 0.325200, 0.527500, 0.777100, 0.110100 ] [ 0.823900, -0.519500, 0.107500, -0.199200 ]
[ 16196 ] [ 0.325200, 0.527500, 0.777100, 0.110100 ] [ 0.823900, -0.519500, 0.107500, -0.199200 ]
[ 16290 ] [ 0.334100, 0.533600, 0.769100, 0.110100 ] [ 0.947000, -0.063500, 0.048700, -0.311100 ]
[ 16398 ] [ 0.334100, 0.533600, 0.769100, 0.110100 ] [ 0.947000, -0.063500, 0.048700, -0.311100 ]
[ 16494 ] [ 0.334100, 0.533600, 0.769100, 0.110100 ] [ 0.947000, -0.063500, 0.048700, -0.311100 ]
[ 16596 ] [ 0.327100, 0.522600, 0.773200, 0.148400 ] [ 0.939500, 0.067500, 0.016500, -0.335400 ]
[ 16679 ] [ 0.327100, 0.522600, 0.773200, 0.148400 ] [ 0.939500, 0.067500, 0.016500, -0.335400 ]
[ 16783 ] [ 0.328400, 0.518200, 0.770800, 0.171400 ] [ 0.794100, 0.468500, -0.118700, -0.368500 ]
[ 16903 ] [ 0.328400, 0.518200, 0.770800, 0.171400 ] [ 0.794100, 0.468500, -0.118700, -0.368500 ]
[ 16996 ] [ 0.328400, 0.518200, 0.770800, 0.171400 ] [ 0.794100, 0.468500, -0.118700, -0.368500 ]
[ 17090 ] [ 0.323700, 0.527800, 0.765100, 0.176700 ] [ 0.767100, 0.509400, -0.125300, -0.369300 ]
[ 17199 ] [ 0.323700, 0.527800, 0.765100, 0.176700 ] [ 0.767100, 0.509400, -0.125300, -0.369300 ]
[ 17290 ] [ 0.325300, 0.531600, 0.761900, 0.176200 ] [ 0.741500, 0.546800, -0.128400, -0.366900 ]
[ 17398 ] [ 0.325300, 0.531600, 0.761900, 0.176200 ] [ 0.741500, 0.546800, -0.128400, -0.366900 ]
[ 17495 ] [ 0.325300, 0.531600, 0.761900, 0.176200 ] [ 0.741500, 0.546800, -0.128400, -0.366900 ]
[ 17597 ] [ 0.332900, 0.550600, 0.744500, 0.178000 ] [ 0.565700, 0.729100, -0.146600, -0.356200 ]
[ 17695 ] [ 0.332900, 0.550600, 0.744500, 0.178000 ] [ 0.565700, 0.729100, -0.146600, -0.356200 ]
[ 17796 ] [ 0.334700, 0.554500, 0.741200, 0.176300 ] [ 0.528500, 0.759100, -0.156300, -0.346300 ]
[ 17879 ] [ 0.334700, 0.554500, 0.741200, 0.176300 ] [ 0.528500, 0.759100, -0.156300, -0.346300 ]
[ 17991 ] [ 0.335600, 0.557600, 0.738700, 0.175400 ] [ 0.504400, 0.776200, -0.162000, -0.341900 ]
[ 18101 ] [ 0.335600, 0.557600, 0.738700, 0.175400 ] [ 0.504400, 0.776200, -0.162000, -0.341900 ]
[ 18196 ] [ 0.335600, 0.557600, 0.738700, 0.175400 ] [ 0.504400, 0.776200, -0.162000, -0.341900 ]
[ 18296 ] [ 0.336900, 0.566400, 0.732100, 0.172300 ] [ 0.786200, 0.490900, -0.082400, -0.366300 ]
[ 18379 ] [ 0.336900, 0.566400, 0.732100, 0.172300 ] [ 0.786200, 0.490900, -0.082400, -0.366300 ]
[ 18481 ] [ 0.336800, 0.569200, 0.730300, 0.171300 ] [ 0.870400, 0.286400, -0.021200, -0.400000 ]
[ 18616 ] [ 0.336800, 0.569200, 0.730300, 0.171300 ] [ 0.870400, 0.286400, -0.021200, -0.400000 ]
[ 18695 ] [ 0.336800, 0.569200, 0.730300, 0.171300 ] [ 0.870400, 0.286400, -0.021200, -0.400000 ]
[ 18810 ] [ 0.345100, 0.583000, 0.701600, 0.220900 ] [ 0.841700, -0.425000, 0.142400, -0.301100 ]
[ 18896 ] [ 0.345100, 0.583000, 0.701600, 0.220900 ] [ 0.841700, -0.425000, 0.142400, -0.301100 ]
[ 18996 ] [ 0.345800, 0.587100, 0.695000, 0.229600 ] [ 0.779200, -0.532900, 0.161300, -0.287900 ]
[ 19079 ] [ 0.345800, 0.587100, 0.695000, 0.229600 ] [ 0.779200, -0.532900, 0.161300, -0.287900 ]
[ 19188 ] [ 0.345800, 0.587100, 0.695000, 0.229600 ] [ 0.779200, -0.532900, 0.161300, -0.287900 ]
[ 19280 ] [ 0.350400, 0.595400, 0.683800, 0.234800 ] [ 0.680400, -0.655400, 0.196700, -0.262300 ]
[ 19400 ] [ 0.350400, 0.595400, 0.683800, 0.234800 ] [ 0.680400, -0.655400, 0.196700, -0.262300 ]
[ 19495 ] [ 0.352000, 0.598700, 0.680000, 0.235200 ] [ 0.730100, -0.593000, 0.179200, -0.288500 ]
[ 19594 ] [ 0.352000, 0.598700, 0.680000, 0.235200 ] [ 0.730100, -0.593000, 0.179200, -0.288500 ]
[ 19695 ] [ 0.353400, 0.601700, 0.676500, 0.235200 ] [ 0.810700, -0.462600, 0.137000, -0.331700 ]
[ 19779 ] [ 0.353400, 0.601700, 0.676500, 0.235200 ] [ 0.810700, -0.462600, 0.137000, -0.331700 ]
[ 19888 ] [ 0.353400, 0.601700, 0.676500, 0.235200 ] [ 0.810700, -0.462600, 0.137000, -0.331700 ]
[ 20009 ] [ 0.350500, 0.603200, 0.679300, 0.227800 ] [ 0.799500, 0.384400, -0.125500, -0.444200 ]
[ 20095 ] [ 0.350500, 0.603200, 0.679300, 0.227800 ] [ 0.799500, 0.384400, -0.125500, -0.444200 ]
[ 20191 ] [ 0.353100, 0.606800, 0.674800, 0.227400 ] [ 0.716800, 0.523500, -0.165100, -0.429900 ]
[ 20301 ] [ 0.353100, 0.606800, 0.674800, 0.227400 ] [ 0.716800, 0.523500, -0.165100, -0.429900 ]
[ 20395 ] [ 0.353100, 0.606800, 0.674800, 0.227400 ] [ 0.716800, 0.523500, -0.165100, -0.429900 ]
[ 20500 ] [ 0.372400, 0.620100, 0.660800, 0.200300 ] [ 0.880100, 0.069900, 0.040000, -0.467900 ]
[ 20595 ] [ 0.372400, 0.620100, 0.660800, 0.200300 ] [ 0.880100, 0.069900, 0.040000, -0.467900 ]
[ 20692 ] [ 0.370500, 0.616900, 0.668100, 0.189200 ] [ 0.886700, 0.047300, 0.030800, -0.458800 ]
[ 20806 ] [ 0.370500, 0.616900, 0.668100, 0.189200 ] [ 0.886700, 0.047300, 0.030800, -0.458800 ]
[ 20881 ] [ 0.372000, 0.614600, 0.672700, 0.177000 ] [ 0.894400, 0.050700, -0.008000, -0.444300 ]
[ 21006 ] [ 0.372000, 0.614600, 0.672700, 0.177000 ] [ 0.894400, 0.050700, -0.008000, -0.444300 ]
[ 21096 ] [ 0.372000, 0.614600, 0.672700, 0.177000 ] [ 0.894400, 0.050700, -0.008000, -0.444300 ]
[ 21191 ] [ 0.374200, 0.627500, 0.660000, 0.175000 ] [ 0.899600, 0.018400, -0.019900, -0.435900 ]
[ 21301 ] [ 0.374200, 0.627500, 0.660000, 0.175000 ] [ 0.899600, 0.018400, -0.019900, -0.435900 ]
[ 21396 ] [ 0.374200, 0.627500, 0.660000, 0.175000 ] [ 0.899600, 0.018400, -0.019900, -0.435900 ]
[ 21482 ] [ 0.378400, 0.634400, 0.652000, 0.170900 ] [ 0.899300, 0.017600, -0.019300, -0.436500 ]
[ 21618 ] [ 0.378400, 0.634400, 0.652000, 0.170900 ] [ 0.899300, 0.017600, -0.019300, -0.436500 ]
[ 21697 ] [ 0.379800, 0.637000, 0.649000, 0.169400 ] [ 0.899100, 0.017200, -0.018700, -0.436900 ]
[ 21808 ] [ 0.379800, 0.637000, 0.649000, 0.169400 ] [ 0.899100, 0.017200, -0.018700, -0.436900 ]
[ 21895 ] [ 0.379800, 0.637000, 0.649000, 0.169400 ] [ 0.899100, 0.017200, -0.018700, -0.436900 ]
[ 21996 ] [ 0.381200, 0.639600, 0.646100, 0.167800 ] [ 0.898200, 0.015400, -0.016700, -0.439000 ]
[ 22096 ] [ 0.381200, 0.639600, 0.646100, 0.167800 ] [ 0.898200, 0.015400, -0.016700, -0.439000 ]
[ 22189 ] [ 0.162700, 0.701200, 0.664600, 0.200400 ] [ 0.898100, 0.014100, -0.017100, -0.439200 ]
[ 22298 ] [ 0.162700, 0.701200, 0.664600, 0.200400 ] [ 0.898100, 0.014100, -0.017100, -0.439200 ]
[ 22379 ] [ 0.162700, 0.701200, 0.664600, 0.200400 ] [ 0.898100, 0.014100, -0.017100, -0.439200 ]
[ 22506 ] [ -0.029100, 0.692900, 0.646000, 0.319100 ] [ 0.894500, 0.010000, -0.016800, -0.446600 ]
[ 22594 ] [ -0.029100, 0.692900, 0.646000, 0.319100 ] [ 0.894500, 0.010000, -0.016800, -0.446600 ]
[ 22700 ] [ -0.467700, 0.504100, 0.460800, 0.561100 ] [ 0.894200, 0.010900, -0.015900, -0.447200 ]
[ 22797 ] [ -0.467700, 0.504100, 0.460800, 0.561100 ] [ 0.894200, 0.010900, -0.015900, -0.447200 ]
[ 22889 ] [ -0.453700, 0.546400, 0.511700, 0.483500 ] [ 0.893900, 0.011300, -0.015300, -0.447800 ]
[ 22999 ] [ -0.453700, 0.546400, 0.511700, 0.483500 ] [ 0.893900, 0.011300, -0.015300, -0.447800 ]
[ 23095 ] [ -0.453700, 0.546400, 0.511700, 0.483500 ] [ 0.893900, 0.011300, -0.015300, -0.447800 ]
[ 23190 ] [ -0.361400, 0.644700, 0.549200, 0.390100 ] [ 0.895200, 0.010400, -0.012900, -0.445400 ]
[ 23299 ] [ -0.361400, 0.644700, 0.549200, 0.390100 ] [ 0.895200, 0.010400, -0.012900, -0.445400 ]
[ 23389 ] [ 0.032300, 0.671600, 0.740200, -0.006100 ] [ 0.895200, 0.009300, -0.013000, -0.445300 ]
[ 23498 ] [ 0.032300, 0.671600, 0.740200, -0.006100 ] [ 0.895200, 0.009300, -0.013000, -0.445300 ]
[ 23595 ] [ 0.032300, 0.671600, 0.740200, -0.006100 ] [ 0.895200, 0.009300, -0.013000, -0.445300 ]
[ 23695 ] [ 0.089000, 0.644600, 0.757900, -0.047800 ] [ 0.891400, 0.020400, -0.006400, -0.452700 ]
[ 23795 ] [ 0.089000, 0.644600, 0.757900, -0.047800 ] [ 0.891400, 0.020400, -0.006400, -0.452700 ]
[ 23895 ] [ 0.356800, 0.703700, 0.614400, 0.003200 ] [ 0.895100, 0.020300, -0.005700, -0.445300 ]
[ 23995 ] [ 0.356800, 0.703700, 0.614400, 0.003200 ] [ 0.895100, 0.020300, -0.005700, -0.445300 ]
[ 24095 ] [ 0.096500, 0.804400, 0.586200, -0.000000 ] [ 0.896500, 0.020100, -0.005500, -0.442500 ]
[ 24198 ] [ 0.096500, 0.804400, 0.586200, -0.000000 ] [ 0.896500, 0.020100, -0.005500, -0.442500 ]
[ 24295 ] [ 0.096500, 0.804400, 0.586200, -0.000000 ] [ 0.896500, 0.020100, -0.005500, -0.442500 ]
[ 24379 ] [ -0.106700, 0.818200, 0.561200, -0.065800 ] [ 0.898400, 0.019500, -0.004600, -0.438800 ]
[ 24498 ] [ -0.106700, 0.818200, 0.561200, -0.065800 ] [ 0.898400, 0.019500, -0.004600, -0.438800 ]
[ 24595 ] [ -0.106700, 0.818200, 0.561200, -0.065800 ] [ 0.898400, 0.019500, -0.004600, -0.438800 ]
[ 24711 ] [ -0.708100, 0.401600, 0.522000, 0.254600 ] [ 0.897100, 0.019400, -0.004100, -0.441400 ]
[ 24801 ] [ -0.708100, 0.401600, 0.522000, 0.254600 ] [ 0.897100, 0.019400, -0.004100, -0.441400 ]
[ 24891 ] [ -0.731600, 0.283100, 0.544300, 0.297200 ] [ 0.893900, 0.019000, -0.002900, -0.447800 ]
[ 25001 ] [ -0.731600, 0.283100, 0.544300, 0.297200 ] [ 0.893900, 0.019000, -0.002900, -0.447800 ]
[ 25082 ] [ -0.723300, 0.228600, 0.618600, 0.204600 ] [ 0.913900, 0.020400, -0.003600, -0.405400 ]
[ 25201 ] [ -0.723300, 0.228600, 0.618600, 0.204600 ] [ 0.913900, 0.020400, -0.003600, -0.405400 ]
[ 25295 ] [ -0.723300, 0.228600, 0.618600, 0.204600 ] [ 0.913900, 0.020400, -0.003600, -0.405400 ]
[ 25400 ] [ -0.407600, 0.289900, 0.848800, -0.171200 ] [ 0.912100, 0.019400, 0.000200, -0.409600 ]
[ 25495 ] [ -0.407600, 0.289900, 0.848800, -0.171200 ] [ 0.912100, 0.019400, 0.000200, -0.409600 ]
[ 25595 ] [ -0.456100, 0.336700, 0.823100, -0.034800 ] [ 0.908900, 0.018600, 0.002400, -0.416700 ]
[ 25699 ] [ -0.456100, 0.336700, 0.823100, -0.034800 ] [ 0.908900, 0.018600, 0.002400, -0.416700 ]
[ 25796 ] [ -0.456100, 0.336700, 0.823100, -0.034800 ] [ 0.908900, 0.018600, 0.002400, -0.416700 ]
[ 25895 ] [ -0.669300, 0.284100, 0.630000, 0.272800 ] [ 0.856500, 0.021000, -0.009700, -0.515500 ]
[ 25978 ] [ -0.669300, 0.284100, 0.630000, 0.272800 ] [ 0.856500, 0.021000, -0.009700, -0.515500 ]
[ 26104 ] [ -0.505700, 0.458700, 0.688100, 0.245700 ] [ 0.841500, 0.016300, -0.006800, -0.540000 ]
[ 26196 ] [ -0.505700, 0.458700, 0.688100, 0.245700 ] [ 0.841500, 0.016300, -0.006800, -0.540000 ]
[ 26295 ] [ -0.505700, 0.458700, 0.688100, 0.245700 ] [ 0.841500, 0.016300, -0.006800, -0.540000 ]
[ 26390 ] [ 0.012100, 0.626500, 0.749300, 0.214300 ] [ 0.771600, -0.006400, -0.020000, -0.635700 ]
[ 26499 ] [ 0.012100, 0.626500, 0.749300, 0.214300 ] [ 0.771600, -0.006400, -0.020000, -0.635700 ]
[ 26595 ] [ 0.092600, 0.609400, 0.757200, 0.216000 ] [ 0.759500, -0.011200, -0.024600, -0.650000 ]
[ 26679 ] [ 0.092600, 0.609400, 0.757200, 0.216000 ] [ 0.759500, -0.011200, -0.024600, -0.650000 ]
[ 26804 ] [ 0.092600, 0.609400, 0.757200, 0.216000 ] [ 0.759500, -0.011200, -0.024600, -0.650000 ]
[ 26899 ] [ 0.140800, 0.614600, 0.750900, 0.196200 ] [ 0.792600, -0.012000, -0.026600, -0.609000 ]
[ 26995 ] [ 0.140800, 0.614600, 0.750900, 0.196200 ] [ 0.792600, -0.012000, -0.026600, -0.609000 ]
[ 27079 ] [ 0.145200, 0.616200, 0.749100, 0.195300 ] [ 0.791900, -0.012700, -0.026600, -0.609900 ]
[ 27201 ] [ 0.145200, 0.616200, 0.749100, 0.195300 ] [ 0.791900, -0.012700, -0.026600, -0.609900 ]
[ 27295 ] [ 0.145200, 0.616200, 0.749100, 0.195300 ] [ 0.791900, -0.012700, -0.026600, -0.609900 ]
[ 27380 ] [ 0.149100, 0.617600, 0.747200, 0.194900 ] [ 0.791200, -0.013000, -0.026000, -0.610900 ]
[ 27499 ] [ 0.149100, 0.617600, 0.747200, 0.194900 ] [ 0.791200, -0.013000, -0.026000, -0.610900 ]
[ 27608 ] [ 0.149100, 0.617600, 0.747200, 0.194900 ] [ 0.791200, -0.013000, -0.026000, -0.610900 ]
[ 27705 ] [ 0.162800, 0.625500, 0.738800, 0.190700 ] [ 0.789100, -0.014900, -0.026000, -0.613600 ]
[ 27800 ] [ 0.162800, 0.625500, 0.738800, 0.190700 ] [ 0.789100, -0.014900, -0.026000, -0.613600 ]
[ 27895 ] [ 0.169500, 0.630600, 0.733500, 0.188500 ] [ 0.788700, -0.015200, -0.025800, -0.614000 ]
[ 27995 ] [ 0.169500, 0.630600, 0.733500, 0.188500 ] [ 0.788700, -0.015200, -0.025800, -0.614000 ]
[ 28095 ] [ 0.169500, 0.630600, 0.733500, 0.188500 ] [ 0.788700, -0.015200, -0.025800, -0.614000 ]
[ 28190 ] [ 0.171900, 0.632600, 0.731500, 0.187700 ] [ 0.787100, -0.016400, -0.025900, -0.616000 ]
[ 28299 ] [ 0.171900, 0.632600, 0.731500, 0.187700 ] [ 0.787100, -0.016400, -0.025900, -0.616000 ]
[ 28396 ] [ 0.179900, 0.641200, 0.723100, 0.183300 ] [ 0.786800, -0.016600, -0.026000, -0.616500 ]
[ 28495 ] [ 0.179900, 0.641200, 0.723100, 0.183300 ] [ 0.786800, -0.016600, -0.026000, -0.616500 ]
[ 28590 ] [ 0.181700, 0.643200, 0.721100, 0.182500 ] [ 0.786400, -0.016800, -0.026000, -0.616900 ]
[ 28698 ] [ 0.181700, 0.643200, 0.721100, 0.182500 ] [ 0.786400, -0.016800, -0.026000, -0.616900 ]
[ 28779 ] [ 0.181700, 0.643200, 0.721100, 0.182500 ] [ 0.786400, -0.016800, -0.026000, -0.616900 ]
[ 28900 ] [ 0.183400, 0.645400, 0.718900, 0.181700 ] [ 0.784900, -0.014700, -0.023800, -0.619000 ]
[ 28996 ] [ 0.183400, 0.645400, 0.718900, 0.181700 ] [ 0.784900, -0.014700, -0.023800, -0.619000 ]
[ 29089 ] [ 0.189400, 0.654700, 0.709800, 0.178100 ] [ 0.784500, -0.015100, -0.024000, -0.619500 ]
[ 29198 ] [ 0.189400, 0.654700, 0.709800, 0.178100 ] [ 0.784500, -0.015100, -0.024000, -0.619500 ]
[ 29295 ] [ 0.189400, 0.654700, 0.709800, 0.178100 ] [ 0.784500, -0.015100, -0.024000, -0.619500 ]
[ 29390 ] [ 0.192900, 0.660100, 0.704200, 0.176300 ] [ 0.784100, -0.015400, -0.024200, -0.619900 ]
[ 29499 ] [ 0.192900, 0.660100, 0.704200, 0.176300 ] [ 0.784100, -0.015400, -0.024200, -0.619900 ]
[ 29599 ] [ 0.194100, 0.662300, 0.702100, 0.175500 ] [ 0.782300, -0.017000, -0.024800, -0.622200 ]
[ 29694 ] [ 0.194100, 0.662300, 0.702100, 0.175500 ] [ 0.782300, -0.017000, -0.024800, -0.622200 ]
[ 29779 ] [ 0.194100, 0.662300, 0.702100, 0.175500 ] [ 0.782300, -0.017000, -0.024800, -0.622200 ]
[ 29905 ] [ 0.195300, 0.664400, 0.699900, 0.174700 ] [ 0.782100, -0.017100, -0.024900, -0.622500 ]
[ 29998 ] [ 0.195300, 0.664400, 0.699900, 0.174700 ] [ 0.782100, -0.017100, -0.024900, -0.622500 ]
[ 30094 ] [ 0.195300, 0.664400, 0.699900, 0.174700 ] [ 0.782100, -0.017100, -0.024900, -0.622500 ]
[ 30179 ] [ 0.187400, 0.668400, 0.708500, 0.127000 ] [ 0.783000, -0.017800, -0.026500, -0.621200 ]
[ 30300 ] [ 0.239200, 0.659500, 0.686000, 0.193100 ] [ 0.784400, -0.017800, -0.025300, -0.619500 ]
[ 30395 ] [ 0.239200, 0.659500, 0.686000, 0.193100 ] [ 0.784400, -0.017800, -0.025300, -0.619500 ]
[ 30495 ] [ 0.239200, 0.659500, 0.686000, 0.193100 ] [ 0.784400, -0.017800, -0.025300, -0.619500 ]
[ 30606 ] [ 0.336700, 0.656400, 0.607300, 0.295000 ] [ 0.782700, -0.012000, -0.021600, -0.621900 ]
[ 30695 ] [ 0.336700, 0.656400, 0.607300, 0.295000 ] [ 0.782700, -0.012000, -0.021600, -0.621900 ]
[ 30804 ] [ 0.572200, 0.574400, 0.242000, 0.533000 ] [ 0.780600, -0.017900, -0.024000, -0.624300 ]
[ 30879 ] [ 0.572200, 0.574400, 0.242000, 0.533000 ] [ 0.780600, -0.017900, -0.024000, -0.624300 ]
[ 30988 ] [ 0.572200, 0.574400, 0.242000, 0.533000 ] [ 0.780600, -0.017900, -0.024000, -0.624300 ]
[ 31104 ] [ 0.494700, 0.692700, 0.221100, 0.476100 ] [ 0.787900, -0.017900, -0.025700, -0.615000 ]
[ 31195 ] [ 0.494700, 0.692700, 0.221100, 0.476100 ] [ 0.787900, -0.017900, -0.025700, -0.615000 ]
[ 31288 ] [ 0.494700, 0.692700, 0.221100, 0.476100 ] [ 0.787900, -0.017900, -0.025700, -0.615000 ]
[ 31403 ] [ -0.157300, 0.822300, 0.546100, -0.031000 ] [ 0.789200, 0.008600, -0.006900, -0.614000 ]
[ 31496 ] [ -0.157300, 0.822300, 0.546100, -0.031000 ] [ 0.789200, 0.008600, -0.006900, -0.614000 ]
[ 31597 ] [ -0.330900, 0.752700, 0.549700, -0.148000 ] [ 0.791400, 0.008900, -0.006500, -0.611200 ]
[ 31679 ] [ -0.330900, 0.752700, 0.549700, -0.148000 ] [ 0.791400, 0.008900, -0.006500, -0.611200 ]
[ 31796 ] [ -0.462300, 0.670000, 0.539900, -0.214100 ] [ 0.795600, 0.009200, -0.006100, -0.605700 ]
[ 31879 ] [ -0.462300, 0.670000, 0.539900, -0.214100 ] [ 0.795600, 0.009200, -0.006100, -0.605700 ]
[ 31988 ] [ -0.462300, 0.670000, 0.539900, -0.214100 ] [ 0.795600, 0.009200, -0.006100, -0.605700 ]
[ 32110 ] [ -0.503700, 0.653500, 0.525100, -0.208500 ] [ 0.808800, 0.010600, -0.005300, -0.588000 ]
[ 32197 ] [ -0.503700, 0.653500, 0.525100, -0.208500 ] [ 0.808800, 0.010600, -0.005300, -0.588000 ]
[ 32296 ] [ -0.369800, 0.751500, 0.529100, -0.136000 ] [ 0.805600, 0.010900, -0.005700, -0.592400 ]
[ 32394 ] [ -0.369800, 0.751500, 0.529100, -0.136000 ] [ 0.805600, 0.010900, -0.005700, -0.592400 ]
[ 32478 ] [ -0.369800, 0.751500, 0.529100, -0.136000 ] [ 0.805600, 0.010900, -0.005700, -0.592400 ]
[ 32580 ] [ 0.033800, 0.830200, 0.475400, 0.289200 ] [ 0.795800, 0.010700, -0.006400, -0.605400 ]
[ 32704 ] [ 0.033800, 0.830200, 0.475400, 0.289200 ] [ 0.795800, 0.010700, -0.006400, -0.605400 ]
[ 32792 ] [ -0.054600, 0.827000, 0.452300, 0.329500 ] [ 0.771800, 0.009900, -0.005600, -0.635700 ]
[ 32901 ] [ -0.054600, 0.827000, 0.452300, 0.329500 ] [ 0.771800, 0.009900, -0.005600, -0.635700 ]
[ 32979 ] [ -0.054600, 0.827000, 0.452300, 0.329500 ] [ 0.771800, 0.009900, -0.005600, -0.635700 ]
[ 33101 ] [ -0.185700, 0.786100, 0.428100, 0.405400 ] [ 0.827300, 0.013800, -0.007800, -0.561600 ]
[ 33196 ] [ -0.185700, 0.786100, 0.428100, 0.405400 ] [ 0.827300, 0.013800, -0.007800, -0.561600 ]
[ 33279 ] [ -0.585900, 0.409800, 0.301500, 0.630800 ] [ 0.840700, 0.013800, -0.008000, -0.541300 ]
[ 33400 ] [ -0.585900, 0.409800, 0.301500, 0.630800 ] [ 0.840700, 0.013800, -0.008000, -0.541300 ]
[ 33496 ] [ -0.577700, 0.419400, 0.273900, 0.644400 ] [ 0.834700, 0.011800, -0.007500, -0.550600 ]
[ 33595 ] [ -0.577700, 0.419400, 0.273900, 0.644400 ] [ 0.834700, 0.011800, -0.007500, -0.550600 ]
[ 33704 ] [ -0.577700, 0.419400, 0.273900, 0.644400 ] [ 0.834700, 0.011800, -0.007500, -0.550600 ]
[ 33799 ] [ -0.303700, 0.719800, 0.550500, 0.294100 ] [ 0.748500, 0.008500, -0.006200, -0.663100 ]
[ 33879 ] [ -0.303700, 0.719800, 0.550500, 0.294100 ] [ 0.748500, 0.008500, -0.006200, -0.663100 ]
[ 33991 ] [ -0.124700, 0.759200, 0.635000, 0.070200 ] [ 0.747300, 0.007500, -0.006200, -0.664400 ]
[ 34101 ] [ -0.124700, 0.759200, 0.635000, 0.070200 ] [ 0.747300, 0.007500, -0.006200, -0.664400 ]
[ 34179 ] [ -0.124700, 0.759200, 0.635000, 0.070200 ] [ 0.747300, 0.007500, -0.006200, -0.664400 ]
[ 34300 ] [ 0.005600, 0.760700, 0.644200, -0.079100 ] [ 0.772400, 0.029100, -0.025400, -0.634000 ]
[ 34395 ] [ 0.005600, 0.760700, 0.644200, -0.079100 ] [ 0.772400, 0.029100, -0.025400, -0.634000 ]
[ 34490 ] [ 0.122700, 0.723400, 0.636400, -0.237800 ] [ 0.772000, 0.022700, -0.020100, -0.634900 ]
[ 34598 ] [ 0.122700, 0.723400, 0.636400, -0.237800 ] [ 0.772000, 0.022700, -0.020100, -0.634900 ]
[ 34695 ] [ 0.044900, 0.717900, 0.665300, -0.200200 ] [ 0.770500, 0.011000, -0.009500, -0.637300 ]
[ 34779 ] [ 0.044900, 0.717900, 0.665300, -0.200200 ] [ 0.770500, 0.011000, -0.009500, -0.637300 ]
[ 34888 ] [ 0.044900, 0.717900, 0.665300, -0.200200 ] [ 0.770500, 0.011000, -0.009500, -0.637300 ]
[ 34999 ] [ 0.207600, 0.776300, 0.583600, -0.116700 ] [ 0.767900, 0.010100, -0.008900, -0.640400 ]
[ 35095 ] [ 0.207600, 0.776300, 0.583600, -0.116700 ] [ 0.767900, 0.010100, -0.008900, -0.640400 ]
[ 35196 ] [ 0.209100, 0.776200, 0.583200, -0.117300 ] [ 0.767500, 0.010200, -0.008800, -0.640900 ]
[ 35279 ] [ 0.209100, 0.776200, 0.583200, -0.117300 ] [ 0.767500, 0.010200, -0.008800, -0.640900 ]
[ 35388 ] [ 0.209100, 0.776200, 0.583200, -0.117300 ] [ 0.767500, 0.010200, -0.008800, -0.640900 ]
[ 35499 ] [ 0.210000, 0.776400, 0.582600, -0.117500 ] [ 0.767200, 0.010200, -0.008700, -0.641300 ]
[ 35578 ] [ 0.210000, 0.776400, 0.582600, -0.117500 ] [ 0.767200, 0.010200, -0.008700, -0.641300 ]
[ 35706 ] [ 0.212300, 0.777000, 0.580300, -0.120600 ] [ 0.764900, 0.010000, -0.008100, -0.644000 ]
[ 35797 ] [ 0.212300, 0.777000, 0.580300, -0.120600 ] [ 0.764900, 0.010000, -0.008100, -0.644000 ]
[ 35878 ] [ 0.212300, 0.777000, 0.580300, -0.120600 ] [ 0.764900, 0.010000, -0.008100, -0.644000 ]
[ 35989 ] [ 0.212500, 0.777200, 0.579800, -0.121200 ] [ 0.764500, 0.009900, -0.007900, -0.644500 ]
[ 36109 ] [ 0.212500, 0.777200, 0.579800, -0.121200 ] [ 0.764500, 0.009900, -0.007900, -0.644500 ]
[ 36196 ] [ 0.212500, 0.777200, 0.579800, -0.121200 ] [ 0.764500, 0.009900, -0.007900, -0.644500 ]
[ 36296 ] [ 0.213600, 0.777800, 0.577900, -0.124000 ] [ 0.762800, 0.009800, -0.007400, -0.646500 ]
[ 36379 ] [ 0.213600, 0.777800, 0.577900, -0.124000 ] [ 0.762800, 0.009800, -0.007400, -0.646500 ]
[ 36500 ] [ 0.213800, 0.778000, 0.577500, -0.124600 ] [ 0.762400, 0.009700, -0.007400, -0.646900 ]
[ 36605 ] [ 0.213800, 0.778000, 0.577500, -0.124600 ] [ 0.762400, 0.009700, -0.007400, -0.646900 ]
[ 36691 ] [ 0.214000, 0.778200, 0.577000, -0.125100 ] [ 0.762100, 0.009700, -0.007400, -0.647400 ]
[ 36801 ] [ 0.214000, 0.778200, 0.577000, -0.125100 ] [ 0.762100, 0.009700, -0.007400, -0.647400 ]
[ 36879 ] [ 0.214000, 0.778200, 0.577000, -0.125100 ] [ 0.762100, 0.009700, -0.007400, -0.647400 ]
[ 37001 ] [ 0.214700, 0.779100, 0.575200, -0.127100 ] [ 0.760600, 0.010000, -0.007400, -0.649100 ]
[ 37095 ] [ 0.214700, 0.779100, 0.575200, -0.127100 ] [ 0.760600, 0.010000, -0.007400, -0.649100 ]
[ 37189 ] [ 0.214900, 0.779300, 0.574800, -0.127400 ] [ 0.760300, 0.010000, -0.007400, -0.649500 ]
[ 37309 ] [ 0.214900, 0.779300, 0.574800, -0.127400 ] [ 0.760300, 0.010000, -0.007400, -0.649500 ]
[ 37395 ] [ 0.214900, 0.779300, 0.574800, -0.127400 ] [ 0.760300, 0.010000, -0.007400, -0.649500 ]
[ 37490 ] [ 0.215100, 0.779900, 0.573600, -0.128400 ] [ 0.758800, 0.009900, -0.007300, -0.651200 ]
[ 37600 ] [ 0.215100, 0.779900, 0.573600, -0.128400 ] [ 0.758800, 0.009900, -0.007300, -0.651200 ]
[ 37698 ] [ 0.215200, 0.780100, 0.573200, -0.128700 ] [ 0.758400, 0.009900, -0.007300, -0.651700 ]
[ 37795 ] [ 0.215200, 0.780100, 0.573200, -0.128700 ] [ 0.758400, 0.009900, -0.007300, -0.651700 ]
[ 37895 ] [ 0.215200, 0.780100, 0.573200, -0.128700 ] [ 0.758400, 0.009900, -0.007300, -0.651700 ]
[ 37996 ] [ 0.214900, 0.781100, 0.571600, -0.130700 ] [ 0.756900, 0.010000, -0.007400, -0.653400 ]
[ 38079 ] [ 0.214900, 0.781100, 0.571600, -0.130700 ] [ 0.756900, 0.010000, -0.007400, -0.653400 ]
[ 38204 ] [ 0.214900, 0.781100, 0.571600, -0.130700 ] [ 0.756900, 0.010000, -0.007400, -0.653400 ]
[ 38304 ] [ 0.214900, 0.781700, 0.570600, -0.131200 ] [ 0.756500, 0.010000, -0.007400, -0.653800 ]
[ 38397 ] [ 0.214900, 0.781700, 0.570600, -0.131200 ] [ 0.756500, 0.010000, -0.007400, -0.653800 ]
[ 38496 ] [ 0.214900, 0.782000, 0.570100, -0.131300 ] [ 0.756200, 0.010000, -0.007300, -0.654300 ]
[ 38579 ] [ 0.214900, 0.782000, 0.570100, -0.131300 ] [ 0.756200, 0.010000, -0.007300, -0.654300 ]
[ 38700 ] [ 0.214900, 0.782200, 0.569700, -0.131500 ] [ 0.754600, 0.010100, -0.007300, -0.656100 ]
[ 38795 ] [ 0.214900, 0.782200, 0.569700, -0.131500 ] [ 0.754600, 0.010100, -0.007300, -0.656100 ]
[ 38896 ] [ 0.214900, 0.782200, 0.569700, -0.131500 ] [ 0.754600, 0.010100, -0.007300, -0.656100 ]
[ 38996 ] [ 0.214900, 0.783400, 0.568000, -0.132400 ] [ 0.754200, 0.010100, -0.007400, -0.656500 ]
[ 39095 ] [ 0.214900, 0.783400, 0.568000, -0.132400 ] [ 0.754200, 0.010100, -0.007400, -0.656500 ]
[ 39195 ] [ 0.214900, 0.783600, 0.567600, -0.132600 ] [ 0.753900, 0.010100, -0.007400, -0.656900 ]
[ 39296 ] [ 0.214900, 0.783600, 0.567600, -0.132600 ] [ 0.753900, 0.010100, -0.007400, -0.656900 ]
[ 39379 ] [ 0.214900, 0.783600, 0.567600, -0.132600 ] [ 0.753900, 0.010100, -0.007400, -0.656900 ]
[ 39506 ] [ 0.215000, 0.784700, 0.565800, -0.133400 ] [ 0.752300, 0.010100, -0.007400, -0.658700 ]
[ 39611 ] [ 0.215000, 0.784700, 0.565800, -0.133400 ] [ 0.752300, 0.010100, -0.007400, -0.658700 ]
[ 39705 ] [ 0.215000, 0.785000, 0.565400, -0.133700 ] [ 0.751900, 0.010200, -0.007400, -0.659100 ]
[ 39799 ] [ 0.215000, 0.785000, 0.565400, -0.133700 ] [ 0.751900, 0.010200, -0.007400, -0.659100 ]
[ 39896 ] [ 0.215000, 0.785000, 0.565400, -0.133700 ] [ 0.751900, 0.010200, -0.007400, -0.659100 ]
[ 39995 ] [ 0.214900, 0.785700, 0.564300, -0.134100 ] [ 0.750300, 0.010100, -0.007500, -0.661000 ]
[ 40095 ] [ 0.214900, 0.785700, 0.564300, -0.134100 ] [ 0.750300, 0.010100, -0.007500, -0.661000 ]
